Hi-C	Recomb	N	n	K	k	Probability
1	1	1	22	1	1	-1
1	2	1	22	1	1	-1
1	3	1	22	1	1	-1
1	4	2	22	2	2	-1
1	5	1	22	1	1	-1
1	6	1	22	1	1	-1
1	7	1	22	1	1	-1
1	8	1	22	1	1	-1
1	9	1	22	1	1	-1
1	10	1	22	1	1	-1
1	11	1	22	1	1	-1
1	12	1	22	1	1	-1
1	13	1	22	1	1	-1
1	14	1	22	1	1	-1
1	15	1	22	1	1	-1
1	16	1	22	1	1	-1
2	1	1	70	1	1	-1
2	2	1	70	1	1	-1
2	3	1	70	1	1	-1
2	4	2	70	2	2	-1
2	5	1	70	1	1	-1
2	6	1	70	1	1	-1
2	7	1	70	1	1	-1
2	8	1	70	1	1	-1
2	9	1	70	1	1	-1
2	10	1	70	1	1	-1
2	11	1	70	1	1	-1
2	12	1	70	1	1	-1
2	13	1	70	1	1	-1
2	14	1	70	1	1	-1
2	15	1	70	1	1	-1
2	16	1	70	1	1	-1
3	1	1	29	1	1	-1
3	2	1	29	1	1	-1
3	3	1	29	1	1	-1
3	4	2	29	2	2	-1
3	5	1	29	1	1	-1
3	6	1	29	1	1	-1
3	7	1	29	1	1	-1
3	8	1	29	1	1	-1
3	9	1	29	1	1	-1
3	10	1	29	1	1	-1
3	11	1	29	1	1	-1
3	12	1	29	1	1	-1
3	13	1	29	1	1	-1
3	14	1	29	1	1	-1
3	15	1	29	1	1	-1
3	16	1	29	1	1	-1
4	1	1	88	1	1	-1
4	2	1	88	1	1	-1
4	3	1	88	1	1	-1
4	4	2	88	2	2	-1
4	5	1	88	1	1	-1
4	6	1	88	1	1	-1
4	7	1	88	1	1	-1
4	8	1	88	1	1	-1
4	9	1	88	1	1	-1
4	10	1	88	1	1	-1
4	11	1	88	1	1	-1
4	12	1	88	1	1	-1
4	13	1	88	1	1	-1
4	14	1	88	1	1	-1
4	15	1	88	1	1	-1
4	16	1	88	1	1	-1
5	1	1	38	1	1	-1
5	2	1	38	1	1	-1
5	3	1	38	1	1	-1
5	4	2	38	2	2	-1
5	5	1	38	1	1	-1
5	6	1	38	1	1	-1
5	7	1	38	1	1	-1
5	8	1	38	1	1	-1
5	9	1	38	1	1	-1
5	10	1	38	1	1	-1
5	11	1	38	1	1	-1
5	12	1	38	1	1	-1
5	13	1	38	1	1	-1
5	14	1	38	1	1	-1
5	15	1	38	1	1	-1
5	16	1	38	1	1	-1
6	1	1	24	1	1	-1
6	2	1	24	1	1	-1
6	3	1	24	1	1	-1
6	4	2	24	2	2	-1
6	5	1	24	1	1	-1
6	6	1	24	1	1	-1
6	7	1	24	1	1	-1
6	8	1	24	1	1	-1
6	9	1	24	1	1	-1
6	10	1	24	1	1	-1
6	11	1	24	1	1	-1
6	12	1	24	1	1	-1
6	13	1	24	1	1	-1
6	14	1	24	1	1	-1
6	15	1	24	1	1	-1
6	16	1	24	1	1	-1
7	1	1	55	1	1	-1
7	2	1	55	1	1	-1
7	3	1	55	1	1	-1
7	4	2	55	2	2	-1
7	5	1	55	1	1	-1
7	6	1	55	1	1	-1
7	7	1	55	1	1	-1
7	8	1	55	1	1	-1
7	9	1	55	1	1	-1
7	10	1	55	1	1	-1
7	11	1	55	1	1	-1
7	12	1	55	1	1	-1
7	13	1	55	1	1	-1
7	14	1	55	1	1	-1
7	15	1	55	1	1	-1
7	16	1	55	1	1	-1
8	1	1	29	1	1	-1
8	2	1	29	1	1	-1
8	3	1	29	1	1	-1
8	4	2	29	2	2	-1
8	5	1	29	1	1	-1
8	6	1	29	1	1	-1
8	7	1	29	1	1	-1
8	8	1	29	1	1	-1
8	9	1	29	1	1	-1
8	10	1	29	1	1	-1
8	11	1	29	1	1	-1
8	12	1	29	1	1	-1
8	13	1	29	1	1	-1
8	14	1	29	1	1	-1
8	15	1	29	1	1	-1
8	16	1	29	1	1	-1
9	1	1	22	1	1	-1
9	2	1	22	1	1	-1
9	3	1	22	1	1	-1
9	4	2	22	2	2	-1
9	5	1	22	1	1	-1
9	6	1	22	1	1	-1
9	7	1	22	1	1	-1
9	8	1	22	1	1	-1
9	9	1	22	1	1	-1
9	10	1	22	1	1	-1
9	11	1	22	1	1	-1
9	12	1	22	1	1	-1
9	13	1	22	1	1	-1
9	14	1	22	1	1	-1
9	15	1	22	1	1	-1
9	16	1	22	1	1	-1
10	1	1	27	1	1	-1
10	2	1	27	1	1	-1
10	3	1	27	1	1	-1
10	4	2	27	2	2	-1
10	5	1	27	1	1	-1
10	6	1	27	1	1	-1
10	7	1	27	1	1	-1
10	8	1	27	1	1	-1
10	9	1	27	1	1	-1
10	10	1	27	1	1	-1
10	11	1	27	1	1	-1
10	12	1	27	1	1	-1
10	13	1	27	1	1	-1
10	14	1	27	1	1	-1
10	15	1	27	1	1	-1
10	16	1	27	1	1	-1
11	1	1	23	1	1	-1
11	2	1	23	1	1	-1
11	3	1	23	1	1	-1
11	4	2	23	2	2	-1
11	5	1	23	1	1	-1
11	6	1	23	1	1	-1
11	7	1	23	1	1	-1
11	8	1	23	1	1	-1
11	9	1	23	1	1	-1
11	10	1	23	1	1	-1
11	11	1	23	1	1	-1
11	12	1	23	1	1	-1
11	13	1	23	1	1	-1
11	14	1	23	1	1	-1
11	15	1	23	1	1	-1
11	16	1	23	1	1	-1
12	1	1	24	1	1	-1
12	2	1	24	1	1	-1
12	3	1	24	1	1	-1
12	4	2	24	2	2	-1
12	5	1	24	1	1	-1
12	6	1	24	1	1	-1
12	7	1	24	1	1	-1
12	8	1	24	1	1	-1
12	9	1	24	1	1	-1
12	10	1	24	1	1	-1
12	11	1	24	1	1	-1
12	12	1	24	1	1	-1
12	13	1	24	1	1	-1
12	14	1	24	1	1	-1
12	15	1	24	1	1	-1
12	16	1	24	1	1	-1
13	1	1	19	1	1	-1
13	2	1	19	1	1	-1
13	3	1	19	1	1	-1
13	4	2	19	2	2	-1
13	5	1	19	1	1	-1
13	6	1	19	1	1	-1
13	7	1	19	1	1	-1
13	8	1	19	1	1	-1
13	9	1	19	1	1	-1
13	10	1	19	1	1	-1
13	11	1	19	1	1	-1
13	12	1	19	1	1	-1
13	13	1	19	1	1	-1
13	14	1	19	1	1	-1
13	15	1	19	1	1	-1
13	16	1	19	1	1	-1
14	1	1	11	1	1	-1
14	2	1	11	1	1	-1
14	3	1	11	1	1	-1
14	4	2	11	2	2	-1
14	5	1	11	1	1	-1
14	6	1	11	1	1	-1
14	7	1	11	1	1	-1
14	8	1	11	1	1	-1
14	9	1	11	1	1	-1
14	10	1	11	1	1	-1
14	11	1	11	1	1	-1
14	12	1	11	1	1	-1
14	13	1	11	1	1	-1
14	14	1	11	1	1	-1
14	15	1	11	1	1	-1
14	16	1	11	1	1	-1
15	1	1	7	1	1	-1
15	2	1	7	1	1	-1
15	3	1	7	1	1	-1
15	4	2	7	2	2	-1
15	5	1	7	1	1	-1
15	6	1	7	1	1	-1
15	7	1	7	1	1	-1
15	8	1	7	1	1	-1
15	9	1	7	1	1	-1
15	10	1	7	1	1	-1
15	11	1	7	1	1	-1
15	12	1	7	1	1	-1
15	13	1	7	1	1	-1
15	14	1	7	1	1	-1
15	15	1	7	1	1	-1
15	16	1	7	1	1	-1
16	1	1	2	1	1	-1
16	2	1	2	1	1	-1
16	3	1	2	1	1	-1
16	4	2	2	2	2	1.0
16	5	1	2	1	1	-1
16	6	1	2	1	1	-1
16	7	1	2	1	1	-1
16	8	1	2	1	1	-1
16	9	1	2	1	1	-1
16	10	1	2	1	1	-1
16	11	1	2	1	1	-1
16	12	1	2	1	1	-1
16	13	1	2	1	1	-1
16	14	1	2	1	1	-1
16	15	1	2	1	1	-1
16	16	1	2	1	1	-1
1	1	1	21	1	1	-1
1	2	1	21	1	1	-1
1	3	1	21	1	1	-1
1	4	2	21	2	2	-1
1	5	1	21	1	1	-1
1	6	1	21	1	1	-1
1	7	1	21	1	1	-1
1	8	1	21	1	1	-1
1	9	1	21	1	1	-1
1	10	1	21	1	1	-1
1	11	1	21	1	1	-1
1	12	1	21	1	1	-1
1	13	1	21	1	1	-1
1	14	1	21	1	1	-1
1	15	1	21	1	1	-1
1	16	1	21	1	1	-1
2	1	1	69	1	1	-1
2	2	1	69	1	1	-1
2	3	1	69	1	1	-1
2	4	2	69	2	2	-1
2	5	1	69	1	1	-1
2	6	1	69	1	1	-1
2	7	1	69	1	1	-1
2	8	1	69	1	1	-1
2	9	1	69	1	1	-1
2	10	1	69	1	1	-1
2	11	1	69	1	1	-1
2	12	1	69	1	1	-1
2	13	1	69	1	1	-1
2	14	1	69	1	1	-1
2	15	1	69	1	1	-1
2	16	1	69	1	1	-1
3	1	1	29	1	1	-1
3	2	1	29	1	1	-1
3	3	1	29	1	1	-1
3	4	2	29	2	2	-1
3	5	1	29	1	1	-1
3	6	1	29	1	1	-1
3	7	1	29	1	1	-1
3	8	1	29	1	1	-1
3	9	1	29	1	1	-1
3	10	1	29	1	1	-1
3	11	1	29	1	1	-1
3	12	1	29	1	1	-1
3	13	1	29	1	1	-1
3	14	1	29	1	1	-1
3	15	1	29	1	1	-1
3	16	1	29	1	1	-1
4	1	1	86	1	1	-1
4	2	1	86	1	1	-1
4	3	1	86	1	1	-1
4	4	2	86	2	2	-1
4	5	1	86	1	1	-1
4	6	1	86	1	1	-1
4	7	1	86	1	1	-1
4	8	1	86	1	1	-1
4	9	1	86	1	1	-1
4	10	1	86	1	1	-1
4	11	1	86	1	1	-1
4	12	1	86	1	1	-1
4	13	1	86	1	1	-1
4	14	1	86	1	1	-1
4	15	1	86	1	1	-1
4	16	1	86	1	1	-1
5	1	1	37	1	1	-1
5	2	1	37	1	1	-1
5	3	1	37	1	1	-1
5	4	2	37	2	2	-1
5	5	1	37	1	1	-1
5	6	1	37	1	1	-1
5	7	1	37	1	1	-1
5	8	1	37	1	1	-1
5	9	1	37	1	1	-1
5	10	1	37	1	1	-1
5	11	1	37	1	1	-1
5	12	1	37	1	1	-1
5	13	1	37	1	1	-1
5	14	1	37	1	1	-1
5	15	1	37	1	1	-1
5	16	1	37	1	1	-1
6	1	1	23	1	1	-1
6	2	1	23	1	1	-1
6	3	1	23	1	1	-1
6	4	2	23	2	2	-1
6	5	1	23	1	1	-1
6	6	1	23	1	1	-1
6	7	1	23	1	1	-1
6	8	1	23	1	1	-1
6	9	1	23	1	1	-1
6	10	1	23	1	1	-1
6	11	1	23	1	1	-1
6	12	1	23	1	1	-1
6	13	1	23	1	1	-1
6	14	1	23	1	1	-1
6	15	1	23	1	1	-1
6	16	1	23	1	1	-1
7	1	1	54	1	1	-1
7	2	1	54	1	1	-1
7	3	1	54	1	1	-1
7	4	2	54	2	2	-1
7	5	1	54	1	1	-1
7	6	1	54	1	1	-1
7	7	1	54	1	1	-1
7	8	1	54	1	1	-1
7	9	1	54	1	1	-1
7	10	1	54	1	1	-1
7	11	1	54	1	1	-1
7	12	1	54	1	1	-1
7	13	1	54	1	1	-1
7	14	1	54	1	1	-1
7	15	1	54	1	1	-1
7	16	1	54	1	1	-1
8	1	1	28	1	1	-1
8	2	1	28	1	1	-1
8	3	1	28	1	1	-1
8	4	2	28	2	2	-1
8	5	1	28	1	1	-1
8	6	1	28	1	1	-1
8	7	1	28	1	1	-1
8	8	1	28	1	1	-1
8	9	1	28	1	1	-1
8	10	1	28	1	1	-1
8	11	1	28	1	1	-1
8	12	1	28	1	1	-1
8	13	1	28	1	1	-1
8	14	1	28	1	1	-1
8	15	1	28	1	1	-1
8	16	1	28	1	1	-1
9	1	1	21	1	1	-1
9	2	1	21	1	1	-1
9	3	1	21	1	1	-1
9	4	2	21	2	2	-1
9	5	1	21	1	1	-1
9	6	1	21	1	1	-1
9	7	1	21	1	1	-1
9	8	1	21	1	1	-1
9	9	1	21	1	1	-1
9	10	1	21	1	1	-1
9	11	1	21	1	1	-1
9	12	1	21	1	1	-1
9	13	1	21	1	1	-1
9	14	1	21	1	1	-1
9	15	1	21	1	1	-1
9	16	1	21	1	1	-1
10	1	1	27	1	1	-1
10	2	1	27	1	1	-1
10	3	1	27	1	1	-1
10	4	2	27	2	2	-1
10	5	1	27	1	1	-1
10	6	1	27	1	1	-1
10	7	1	27	1	1	-1
10	8	1	27	1	1	-1
10	9	1	27	1	1	-1
10	10	1	27	1	1	-1
10	11	1	27	1	1	-1
10	12	1	27	1	1	-1
10	13	1	27	1	1	-1
10	14	1	27	1	1	-1
10	15	1	27	1	1	-1
10	16	1	27	1	1	-1
11	1	1	23	1	1	-1
11	2	1	23	1	1	-1
11	3	1	23	1	1	-1
11	4	2	23	2	2	-1
11	5	1	23	1	1	-1
11	6	1	23	1	1	-1
11	7	1	23	1	1	-1
11	8	1	23	1	1	-1
11	9	1	23	1	1	-1
11	10	1	23	1	1	-1
11	11	1	23	1	1	-1
11	12	1	23	1	1	-1
11	13	1	23	1	1	-1
11	14	1	23	1	1	-1
11	15	1	23	1	1	-1
11	16	1	23	1	1	-1
12	1	1	24	1	1	-1
12	2	1	24	1	1	-1
12	3	1	24	1	1	-1
12	4	2	24	2	2	-1
12	5	1	24	1	1	-1
12	6	1	24	1	1	-1
12	7	1	24	1	1	-1
12	8	1	24	1	1	-1
12	9	1	24	1	1	-1
12	10	1	24	1	1	-1
12	11	1	24	1	1	-1
12	12	1	24	1	1	-1
12	13	1	24	1	1	-1
12	14	1	24	1	1	-1
12	15	1	24	1	1	-1
12	16	1	24	1	1	-1
13	1	1	18	1	1	-1
13	2	1	18	1	1	-1
13	3	1	18	1	1	-1
13	4	2	18	2	2	-1
13	5	1	18	1	1	-1
13	6	1	18	1	1	-1
13	7	1	18	1	1	-1
13	8	1	18	1	1	-1
13	9	1	18	1	1	-1
13	10	1	18	1	1	-1
13	11	1	18	1	1	-1
13	12	1	18	1	1	-1
13	13	1	18	1	1	-1
13	14	1	18	1	1	-1
13	15	1	18	1	1	-1
13	16	1	18	1	1	-1
14	1	1	11	1	1	-1
14	2	1	11	1	1	-1
14	3	1	11	1	1	-1
14	4	2	11	2	2	-1
14	5	1	11	1	1	-1
14	6	1	11	1	1	-1
14	7	1	11	1	1	-1
14	8	1	11	1	1	-1
14	9	1	11	1	1	-1
14	10	1	11	1	1	-1
14	11	1	11	1	1	-1
14	12	1	11	1	1	-1
14	13	1	11	1	1	-1
14	14	1	11	1	1	-1
14	15	1	11	1	1	-1
14	16	1	11	1	1	-1
15	1	1	7	1	1	-1
15	2	1	7	1	1	-1
15	3	1	7	1	1	-1
15	4	2	7	2	2	-1
15	5	1	7	1	1	-1
15	6	1	7	1	1	-1
15	7	1	7	1	1	-1
15	8	1	7	1	1	-1
15	9	1	7	1	1	-1
15	10	1	7	1	1	-1
15	11	1	7	1	1	-1
15	12	1	7	1	1	-1
15	13	1	7	1	1	-1
15	14	1	7	1	1	-1
15	15	1	7	1	1	-1
15	16	1	7	1	1	-1
16	1	1	2	1	1	-1
16	2	1	2	1	1	-1
16	3	1	2	1	1	-1
16	4	2	2	2	2	1.0
16	5	1	2	1	1	-1
16	6	1	2	1	1	-1
16	7	1	2	1	1	-1
16	8	1	2	1	1	-1
16	9	1	2	1	1	-1
16	10	1	2	1	1	-1
16	11	1	2	1	1	-1
16	12	1	2	1	1	-1
16	13	1	2	1	1	-1
16	14	1	2	1	1	-1
16	15	1	2	1	1	-1
16	16	1	2	1	1	-1
1	1	1	21	1	1	-1
1	2	1	21	1	1	-1
1	3	1	21	1	1	-1
1	4	2	21	2	2	-1
1	5	1	21	1	1	-1
1	6	1	21	1	1	-1
1	7	1	21	1	1	-1
1	8	1	21	1	1	-1
1	9	1	21	1	1	-1
1	10	1	21	1	1	-1
1	11	1	21	1	1	-1
1	12	1	21	1	1	-1
1	13	1	21	1	1	-1
1	14	1	21	1	1	-1
1	15	1	21	1	1	-1
1	16	1	21	1	1	-1
2	1	1	68	1	1	-1
2	2	1	68	1	1	-1
2	3	1	68	1	1	-1
2	4	2	68	2	2	-1
2	5	1	68	1	1	-1
2	6	1	68	1	1	-1
2	7	1	68	1	1	-1
2	8	1	68	1	1	-1
2	9	1	68	1	1	-1
2	10	1	68	1	1	-1
2	11	1	68	1	1	-1
2	12	1	68	1	1	-1
2	13	1	68	1	1	-1
2	14	1	68	1	1	-1
2	15	1	68	1	1	-1
2	16	1	68	1	1	-1
3	1	1	28	1	1	-1
3	2	1	28	1	1	-1
3	3	1	28	1	1	-1
3	4	2	28	2	2	-1
3	5	1	28	1	1	-1
3	6	1	28	1	1	-1
3	7	1	28	1	1	-1
3	8	1	28	1	1	-1
3	9	1	28	1	1	-1
3	10	1	28	1	1	-1
3	11	1	28	1	1	-1
3	12	1	28	1	1	-1
3	13	1	28	1	1	-1
3	14	1	28	1	1	-1
3	15	1	28	1	1	-1
3	16	1	28	1	1	-1
4	1	1	85	1	1	-1
4	2	1	85	1	1	-1
4	3	1	85	1	1	-1
4	4	2	85	2	2	-1
4	5	1	85	1	1	-1
4	6	1	85	1	1	-1
4	7	1	85	1	1	-1
4	8	1	85	1	1	-1
4	9	1	85	1	1	-1
4	10	1	85	1	1	-1
4	11	1	85	1	1	-1
4	12	1	85	1	1	-1
4	13	1	85	1	1	-1
4	14	1	85	1	1	-1
4	15	1	85	1	1	-1
4	16	1	85	1	1	-1
5	1	1	37	1	1	-1
5	2	1	37	1	1	-1
5	3	1	37	1	1	-1
5	4	2	37	2	2	-1
5	5	1	37	1	1	-1
5	6	1	37	1	1	-1
5	7	1	37	1	1	-1
5	8	1	37	1	1	-1
5	9	1	37	1	1	-1
5	10	1	37	1	1	-1
5	11	1	37	1	1	-1
5	12	1	37	1	1	-1
5	13	1	37	1	1	-1
5	14	1	37	1	1	-1
5	15	1	37	1	1	-1
5	16	1	37	1	1	-1
6	1	1	23	1	1	-1
6	2	1	23	1	1	-1
6	3	1	23	1	1	-1
6	4	2	23	2	2	-1
6	5	1	23	1	1	-1
6	6	1	23	1	1	-1
6	7	1	23	1	1	-1
6	8	1	23	1	1	-1
6	9	1	23	1	1	-1
6	10	1	23	1	1	-1
6	11	1	23	1	1	-1
6	12	1	23	1	1	-1
6	13	1	23	1	1	-1
6	14	1	23	1	1	-1
6	15	1	23	1	1	-1
6	16	1	23	1	1	-1
7	1	1	53	1	1	-1
7	2	1	53	1	1	-1
7	3	1	53	1	1	-1
7	4	2	53	2	2	-1
7	5	1	53	1	1	-1
7	6	1	53	1	1	-1
7	7	1	53	1	1	-1
7	8	1	53	1	1	-1
7	9	1	53	1	1	-1
7	10	1	53	1	1	-1
7	11	1	53	1	1	-1
7	12	1	53	1	1	-1
7	13	1	53	1	1	-1
7	14	1	53	1	1	-1
7	15	1	53	1	1	-1
7	16	1	53	1	1	-1
8	1	1	28	1	1	-1
8	2	1	28	1	1	-1
8	3	1	28	1	1	-1
8	4	2	28	2	2	-1
8	5	1	28	1	1	-1
8	6	1	28	1	1	-1
8	7	1	28	1	1	-1
8	8	1	28	1	1	-1
8	9	1	28	1	1	-1
8	10	1	28	1	1	-1
8	11	1	28	1	1	-1
8	12	1	28	1	1	-1
8	13	1	28	1	1	-1
8	14	1	28	1	1	-1
8	15	1	28	1	1	-1
8	16	1	28	1	1	-1
9	1	1	21	1	1	-1
9	2	1	21	1	1	-1
9	3	1	21	1	1	-1
9	4	2	21	2	2	-1
9	5	1	21	1	1	-1
9	6	1	21	1	1	-1
9	7	1	21	1	1	-1
9	8	1	21	1	1	-1
9	9	1	21	1	1	-1
9	10	1	21	1	1	-1
9	11	1	21	1	1	-1
9	12	1	21	1	1	-1
9	13	1	21	1	1	-1
9	14	1	21	1	1	-1
9	15	1	21	1	1	-1
9	16	1	21	1	1	-1
10	1	1	26	1	1	-1
10	2	1	26	1	1	-1
10	3	1	26	1	1	-1
10	4	2	26	2	2	-1
10	5	1	26	1	1	-1
10	6	1	26	1	1	-1
10	7	1	26	1	1	-1
10	8	1	26	1	1	-1
10	9	1	26	1	1	-1
10	10	1	26	1	1	-1
10	11	1	26	1	1	-1
10	12	1	26	1	1	-1
10	13	1	26	1	1	-1
10	14	1	26	1	1	-1
10	15	1	26	1	1	-1
10	16	1	26	1	1	-1
11	1	1	23	1	1	-1
11	2	1	23	1	1	-1
11	3	1	23	1	1	-1
11	4	2	23	2	2	-1
11	5	1	23	1	1	-1
11	6	1	23	1	1	-1
11	7	1	23	1	1	-1
11	8	1	23	1	1	-1
11	9	1	23	1	1	-1
11	10	1	23	1	1	-1
11	11	1	23	1	1	-1
11	12	1	23	1	1	-1
11	13	1	23	1	1	-1
11	14	1	23	1	1	-1
11	15	1	23	1	1	-1
11	16	1	23	1	1	-1
12	1	1	23	1	1	-1
12	2	1	23	1	1	-1
12	3	1	23	1	1	-1
12	4	2	23	2	2	-1
12	5	1	23	1	1	-1
12	6	1	23	1	1	-1
12	7	1	23	1	1	-1
12	8	1	23	1	1	-1
12	9	1	23	1	1	-1
12	10	1	23	1	1	-1
12	11	1	23	1	1	-1
12	12	1	23	1	1	-1
12	13	1	23	1	1	-1
12	14	1	23	1	1	-1
12	15	1	23	1	1	-1
12	16	1	23	1	1	-1
13	1	1	18	1	1	-1
13	2	1	18	1	1	-1
13	3	1	18	1	1	-1
13	4	2	18	2	2	-1
13	5	1	18	1	1	-1
13	6	1	18	1	1	-1
13	7	1	18	1	1	-1
13	8	1	18	1	1	-1
13	9	1	18	1	1	-1
13	10	1	18	1	1	-1
13	11	1	18	1	1	-1
13	12	1	18	1	1	-1
13	13	1	18	1	1	-1
13	14	1	18	1	1	-1
13	15	1	18	1	1	-1
13	16	1	18	1	1	-1
14	1	1	11	1	1	-1
14	2	1	11	1	1	-1
14	3	1	11	1	1	-1
14	4	2	11	2	2	-1
14	5	1	11	1	1	-1
14	6	1	11	1	1	-1
14	7	1	11	1	1	-1
14	8	1	11	1	1	-1
14	9	1	11	1	1	-1
14	10	1	11	1	1	-1
14	11	1	11	1	1	-1
14	12	1	11	1	1	-1
14	13	1	11	1	1	-1
14	14	1	11	1	1	-1
14	15	1	11	1	1	-1
14	16	1	11	1	1	-1
15	1	1	7	1	1	-1
15	2	1	7	1	1	-1
15	3	1	7	1	1	-1
15	4	2	7	2	2	-1
15	5	1	7	1	1	-1
15	6	1	7	1	1	-1
15	7	1	7	1	1	-1
15	8	1	7	1	1	-1
15	9	1	7	1	1	-1
15	10	1	7	1	1	-1
15	11	1	7	1	1	-1
15	12	1	7	1	1	-1
15	13	1	7	1	1	-1
15	14	1	7	1	1	-1
15	15	1	7	1	1	-1
15	16	1	7	1	1	-1
16	1	1	2	1	1	-1
16	2	1	2	1	1	-1
16	3	1	2	1	1	-1
16	4	2	2	2	2	1.0
16	5	1	2	1	1	-1
16	6	1	2	1	1	-1
16	7	1	2	1	1	-1
16	8	1	2	1	1	-1
16	9	1	2	1	1	-1
16	10	1	2	1	1	-1
16	11	1	2	1	1	-1
16	12	1	2	1	1	-1
16	13	1	2	1	1	-1
16	14	1	2	1	1	-1
16	15	1	2	1	1	-1
16	16	1	2	1	1	-1
1	1	1	20	1	1	-1
1	2	1	20	1	1	-1
1	3	1	20	1	1	-1
1	4	2	20	2	2	-1
1	5	1	20	1	1	-1
1	6	1	20	1	1	-1
1	7	1	20	1	1	-1
1	8	1	20	1	1	-1
1	9	1	20	1	1	-1
1	10	1	20	1	1	-1
1	11	1	20	1	1	-1
1	12	1	20	1	1	-1
1	13	1	20	1	1	-1
1	14	1	20	1	1	-1
1	15	1	20	1	1	-1
1	16	1	20	1	1	-1
2	1	1	67	1	1	-1
2	2	1	67	1	1	-1
2	3	1	67	1	1	-1
2	4	2	67	2	2	-1
2	5	1	67	1	1	-1
2	6	1	67	1	1	-1
2	7	1	67	1	1	-1
2	8	1	67	1	1	-1
2	9	1	67	1	1	-1
2	10	1	67	1	1	-1
2	11	1	67	1	1	-1
2	12	1	67	1	1	-1
2	13	1	67	1	1	-1
2	14	1	67	1	1	-1
2	15	1	67	1	1	-1
2	16	1	67	1	1	-1
3	1	1	28	1	1	-1
3	2	1	28	1	1	-1
3	3	1	28	1	1	-1
3	4	2	28	2	2	-1
3	5	1	28	1	1	-1
3	6	1	28	1	1	-1
3	7	1	28	1	1	-1
3	8	1	28	1	1	-1
3	9	1	28	1	1	-1
3	10	1	28	1	1	-1
3	11	1	28	1	1	-1
3	12	1	28	1	1	-1
3	13	1	28	1	1	-1
3	14	1	28	1	1	-1
3	15	1	28	1	1	-1
3	16	1	28	1	1	-1
4	1	1	83	1	1	-1
4	2	1	83	1	1	-1
4	3	1	83	1	1	-1
4	4	2	83	2	2	-1
4	5	1	83	1	1	-1
4	6	1	83	1	1	-1
4	7	1	83	1	1	-1
4	8	1	83	1	1	-1
4	9	1	83	1	1	-1
4	10	1	83	1	1	-1
4	11	1	83	1	1	-1
4	12	1	83	1	1	-1
4	13	1	83	1	1	-1
4	14	1	83	1	1	-1
4	15	1	83	1	1	-1
4	16	1	83	1	1	-1
5	1	1	36	1	1	-1
5	2	1	36	1	1	-1
5	3	1	36	1	1	-1
5	4	2	36	2	2	-1
5	5	1	36	1	1	-1
5	6	1	36	1	1	-1
5	7	1	36	1	1	-1
5	8	1	36	1	1	-1
5	9	1	36	1	1	-1
5	10	1	36	1	1	-1
5	11	1	36	1	1	-1
5	12	1	36	1	1	-1
5	13	1	36	1	1	-1
5	14	1	36	1	1	-1
5	15	1	36	1	1	-1
5	16	1	36	1	1	-1
6	1	1	23	1	1	-1
6	2	1	23	1	1	-1
6	3	1	23	1	1	-1
6	4	2	23	2	2	-1
6	5	1	23	1	1	-1
6	6	1	23	1	1	-1
6	7	1	23	1	1	-1
6	8	1	23	1	1	-1
6	9	1	23	1	1	-1
6	10	1	23	1	1	-1
6	11	1	23	1	1	-1
6	12	1	23	1	1	-1
6	13	1	23	1	1	-1
6	14	1	23	1	1	-1
6	15	1	23	1	1	-1
6	16	1	23	1	1	-1
7	1	1	52	1	1	-1
7	2	1	52	1	1	-1
7	3	1	52	1	1	-1
7	4	2	52	2	2	-1
7	5	1	52	1	1	-1
7	6	1	52	1	1	-1
7	7	1	52	1	1	-1
7	8	1	52	1	1	-1
7	9	1	52	1	1	-1
7	10	1	52	1	1	-1
7	11	1	52	1	1	-1
7	12	1	52	1	1	-1
7	13	1	52	1	1	-1
7	14	1	52	1	1	-1
7	15	1	52	1	1	-1
7	16	1	52	1	1	-1
8	1	1	27	1	1	-1
8	2	1	27	1	1	-1
8	3	1	27	1	1	-1
8	4	2	27	2	2	-1
8	5	1	27	1	1	-1
8	6	1	27	1	1	-1
8	7	1	27	1	1	-1
8	8	1	27	1	1	-1
8	9	1	27	1	1	-1
8	10	1	27	1	1	-1
8	11	1	27	1	1	-1
8	12	1	27	1	1	-1
8	13	1	27	1	1	-1
8	14	1	27	1	1	-1
8	15	1	27	1	1	-1
8	16	1	27	1	1	-1
9	1	1	21	1	1	-1
9	2	1	21	1	1	-1
9	3	1	21	1	1	-1
9	4	2	21	2	2	-1
9	5	1	21	1	1	-1
9	6	1	21	1	1	-1
9	7	1	21	1	1	-1
9	8	1	21	1	1	-1
9	9	1	21	1	1	-1
9	10	1	21	1	1	-1
9	11	1	21	1	1	-1
9	12	1	21	1	1	-1
9	13	1	21	1	1	-1
9	14	1	21	1	1	-1
9	15	1	21	1	1	-1
9	16	1	21	1	1	-1
10	1	1	26	1	1	-1
10	2	1	26	1	1	-1
10	3	1	26	1	1	-1
10	4	2	26	2	2	-1
10	5	1	26	1	1	-1
10	6	1	26	1	1	-1
10	7	1	26	1	1	-1
10	8	1	26	1	1	-1
10	9	1	26	1	1	-1
10	10	1	26	1	1	-1
10	11	1	26	1	1	-1
10	12	1	26	1	1	-1
10	13	1	26	1	1	-1
10	14	1	26	1	1	-1
10	15	1	26	1	1	-1
10	16	1	26	1	1	-1
11	1	1	22	1	1	-1
11	2	1	22	1	1	-1
11	3	1	22	1	1	-1
11	4	2	22	2	2	-1
11	5	1	22	1	1	-1
11	6	1	22	1	1	-1
11	7	1	22	1	1	-1
11	8	1	22	1	1	-1
11	9	1	22	1	1	-1
11	10	1	22	1	1	-1
11	11	1	22	1	1	-1
11	12	1	22	1	1	-1
11	13	1	22	1	1	-1
11	14	1	22	1	1	-1
11	15	1	22	1	1	-1
11	16	1	22	1	1	-1
12	1	1	23	1	1	-1
12	2	1	23	1	1	-1
12	3	1	23	1	1	-1
12	4	2	23	2	2	-1
12	5	1	23	1	1	-1
12	6	1	23	1	1	-1
12	7	1	23	1	1	-1
12	8	1	23	1	1	-1
12	9	1	23	1	1	-1
12	10	1	23	1	1	-1
12	11	1	23	1	1	-1
12	12	1	23	1	1	-1
12	13	1	23	1	1	-1
12	14	1	23	1	1	-1
12	15	1	23	1	1	-1
12	16	1	23	1	1	-1
13	1	1	18	1	1	-1
13	2	1	18	1	1	-1
13	3	1	18	1	1	-1
13	4	2	18	2	2	-1
13	5	1	18	1	1	-1
13	6	1	18	1	1	-1
13	7	1	18	1	1	-1
13	8	1	18	1	1	-1
13	9	1	18	1	1	-1
13	10	1	18	1	1	-1
13	11	1	18	1	1	-1
13	12	1	18	1	1	-1
13	13	1	18	1	1	-1
13	14	1	18	1	1	-1
13	15	1	18	1	1	-1
13	16	1	18	1	1	-1
14	1	1	10	1	1	-1
14	2	1	10	1	1	-1
14	3	1	10	1	1	-1
14	4	2	10	2	2	-1
14	5	1	10	1	1	-1
14	6	1	10	1	1	-1
14	7	1	10	1	1	-1
14	8	1	10	1	1	-1
14	9	1	10	1	1	-1
14	10	1	10	1	1	-1
14	11	1	10	1	1	-1
14	12	1	10	1	1	-1
14	13	1	10	1	1	-1
14	14	1	10	1	1	-1
14	15	1	10	1	1	-1
14	16	1	10	1	1	-1
15	1	1	7	1	1	-1
15	2	1	7	1	1	-1
15	3	1	7	1	1	-1
15	4	2	7	2	2	-1
15	5	1	7	1	1	-1
15	6	1	7	1	1	-1
15	7	1	7	1	1	-1
15	8	1	7	1	1	-1
15	9	1	7	1	1	-1
15	10	1	7	1	1	-1
15	11	1	7	1	1	-1
15	12	1	7	1	1	-1
15	13	1	7	1	1	-1
15	14	1	7	1	1	-1
15	15	1	7	1	1	-1
15	16	1	7	1	1	-1
16	1	1	2	1	1	-1
16	2	1	2	1	1	-1
16	3	1	2	1	1	-1
16	4	2	2	2	2	1.0
16	5	1	2	1	1	-1
16	6	1	2	1	1	-1
16	7	1	2	1	1	-1
16	8	1	2	1	1	-1
16	9	1	2	1	1	-1
16	10	1	2	1	1	-1
16	11	1	2	1	1	-1
16	12	1	2	1	1	-1
16	13	1	2	1	1	-1
16	14	1	2	1	1	-1
16	15	1	2	1	1	-1
16	16	1	2	1	1	-1
1	1	1	20	1	1	-1
1	2	1	20	1	1	-1
1	3	1	20	1	1	-1
1	4	2	20	2	2	-1
1	5	1	20	1	1	-1
1	6	1	20	1	1	-1
1	7	1	20	1	1	-1
1	8	1	20	1	1	-1
1	9	1	20	1	1	-1
1	10	1	20	1	1	-1
1	11	1	20	1	1	-1
1	12	1	20	1	1	-1
1	13	1	20	1	1	-1
1	14	1	20	1	1	-1
1	15	1	20	1	1	-1
1	16	1	20	1	1	-1
2	1	1	65	1	1	-1
2	2	1	65	1	1	-1
2	3	1	65	1	1	-1
2	4	2	65	2	2	-1
2	5	1	65	1	1	-1
2	6	1	65	1	1	-1
2	7	1	65	1	1	-1
2	8	1	65	1	1	-1
2	9	1	65	1	1	-1
2	10	1	65	1	1	-1
2	11	1	65	1	1	-1
2	12	1	65	1	1	-1
2	13	1	65	1	1	-1
2	14	1	65	1	1	-1
2	15	1	65	1	1	-1
2	16	1	65	1	1	-1
3	1	1	27	1	1	-1
3	2	1	27	1	1	-1
3	3	1	27	1	1	-1
3	4	2	27	2	2	-1
3	5	1	27	1	1	-1
3	6	1	27	1	1	-1
3	7	1	27	1	1	-1
3	8	1	27	1	1	-1
3	9	1	27	1	1	-1
3	10	1	27	1	1	-1
3	11	1	27	1	1	-1
3	12	1	27	1	1	-1
3	13	1	27	1	1	-1
3	14	1	27	1	1	-1
3	15	1	27	1	1	-1
3	16	1	27	1	1	-1
4	1	1	81	1	1	-1
4	2	1	81	1	1	-1
4	3	1	81	1	1	-1
4	4	2	81	2	2	-1
4	5	1	81	1	1	-1
4	6	1	81	1	1	-1
4	7	1	81	1	1	-1
4	8	1	81	1	1	-1
4	9	1	81	1	1	-1
4	10	1	81	1	1	-1
4	11	1	81	1	1	-1
4	12	1	81	1	1	-1
4	13	1	81	1	1	-1
4	14	1	81	1	1	-1
4	15	1	81	1	1	-1
4	16	1	81	1	1	-1
5	1	1	35	1	1	-1
5	2	1	35	1	1	-1
5	3	1	35	1	1	-1
5	4	2	35	2	2	-1
5	5	1	35	1	1	-1
5	6	1	35	1	1	-1
5	7	1	35	1	1	-1
5	8	1	35	1	1	-1
5	9	1	35	1	1	-1
5	10	1	35	1	1	-1
5	11	1	35	1	1	-1
5	12	1	35	1	1	-1
5	13	1	35	1	1	-1
5	14	1	35	1	1	-1
5	15	1	35	1	1	-1
5	16	1	35	1	1	-1
6	1	1	22	1	1	-1
6	2	1	22	1	1	-1
6	3	1	22	1	1	-1
6	4	2	22	2	2	-1
6	5	1	22	1	1	-1
6	6	1	22	1	1	-1
6	7	1	22	1	1	-1
6	8	1	22	1	1	-1
6	9	1	22	1	1	-1
6	10	1	22	1	1	-1
6	11	1	22	1	1	-1
6	12	1	22	1	1	-1
6	13	1	22	1	1	-1
6	14	1	22	1	1	-1
6	15	1	22	1	1	-1
6	16	1	22	1	1	-1
7	1	1	51	1	1	-1
7	2	1	51	1	1	-1
7	3	1	51	1	1	-1
7	4	2	51	2	2	-1
7	5	1	51	1	1	-1
7	6	1	51	1	1	-1
7	7	1	51	1	1	-1
7	8	1	51	1	1	-1
7	9	1	51	1	1	-1
7	10	1	51	1	1	-1
7	11	1	51	1	1	-1
7	12	1	51	1	1	-1
7	13	1	51	1	1	-1
7	14	1	51	1	1	-1
7	15	1	51	1	1	-1
7	16	1	51	1	1	-1
8	1	1	27	1	1	-1
8	2	1	27	1	1	-1
8	3	1	27	1	1	-1
8	4	2	27	2	2	-1
8	5	1	27	1	1	-1
8	6	1	27	1	1	-1
8	7	1	27	1	1	-1
8	8	1	27	1	1	-1
8	9	1	27	1	1	-1
8	10	1	27	1	1	-1
8	11	1	27	1	1	-1
8	12	1	27	1	1	-1
8	13	1	27	1	1	-1
8	14	1	27	1	1	-1
8	15	1	27	1	1	-1
8	16	1	27	1	1	-1
9	1	1	20	1	1	-1
9	2	1	20	1	1	-1
9	3	1	20	1	1	-1
9	4	2	20	2	2	-1
9	5	1	20	1	1	-1
9	6	1	20	1	1	-1
9	7	1	20	1	1	-1
9	8	1	20	1	1	-1
9	9	1	20	1	1	-1
9	10	1	20	1	1	-1
9	11	1	20	1	1	-1
9	12	1	20	1	1	-1
9	13	1	20	1	1	-1
9	14	1	20	1	1	-1
9	15	1	20	1	1	-1
9	16	1	20	1	1	-1
10	1	1	25	1	1	-1
10	2	1	25	1	1	-1
10	3	1	25	1	1	-1
10	4	2	25	2	2	-1
10	5	1	25	1	1	-1
10	6	1	25	1	1	-1
10	7	1	25	1	1	-1
10	8	1	25	1	1	-1
10	9	1	25	1	1	-1
10	10	1	25	1	1	-1
10	11	1	25	1	1	-1
10	12	1	25	1	1	-1
10	13	1	25	1	1	-1
10	14	1	25	1	1	-1
10	15	1	25	1	1	-1
10	16	1	25	1	1	-1
11	1	1	22	1	1	-1
11	2	1	22	1	1	-1
11	3	1	22	1	1	-1
11	4	2	22	2	2	-1
11	5	1	22	1	1	-1
11	6	1	22	1	1	-1
11	7	1	22	1	1	-1
11	8	1	22	1	1	-1
11	9	1	22	1	1	-1
11	10	1	22	1	1	-1
11	11	1	22	1	1	-1
11	12	1	22	1	1	-1
11	13	1	22	1	1	-1
11	14	1	22	1	1	-1
11	15	1	22	1	1	-1
11	16	1	22	1	1	-1
12	1	1	23	1	1	-1
12	2	1	23	1	1	-1
12	3	1	23	1	1	-1
12	4	2	23	2	2	-1
12	5	1	23	1	1	-1
12	6	1	23	1	1	-1
12	7	1	23	1	1	-1
12	8	1	23	1	1	-1
12	9	1	23	1	1	-1
12	10	1	23	1	1	-1
12	11	1	23	1	1	-1
12	12	1	23	1	1	-1
12	13	1	23	1	1	-1
12	14	1	23	1	1	-1
12	15	1	23	1	1	-1
12	16	1	23	1	1	-1
13	1	1	17	1	1	-1
13	2	1	17	1	1	-1
13	3	1	17	1	1	-1
13	4	2	17	2	2	-1
13	5	1	17	1	1	-1
13	6	1	17	1	1	-1
13	7	1	17	1	1	-1
13	8	1	17	1	1	-1
13	9	1	17	1	1	-1
13	10	1	17	1	1	-1
13	11	1	17	1	1	-1
13	12	1	17	1	1	-1
13	13	1	17	1	1	-1
13	14	1	17	1	1	-1
13	15	1	17	1	1	-1
13	16	1	17	1	1	-1
14	1	1	10	1	1	-1
14	2	1	10	1	1	-1
14	3	1	10	1	1	-1
14	4	2	10	2	2	-1
14	5	1	10	1	1	-1
14	6	1	10	1	1	-1
14	7	1	10	1	1	-1
14	8	1	10	1	1	-1
14	9	1	10	1	1	-1
14	10	1	10	1	1	-1
14	11	1	10	1	1	-1
14	12	1	10	1	1	-1
14	13	1	10	1	1	-1
14	14	1	10	1	1	-1
14	15	1	10	1	1	-1
14	16	1	10	1	1	-1
15	1	1	7	1	1	-1
15	2	1	7	1	1	-1
15	3	1	7	1	1	-1
15	4	2	7	2	2	-1
15	5	1	7	1	1	-1
15	6	1	7	1	1	-1
15	7	1	7	1	1	-1
15	8	1	7	1	1	-1
15	9	1	7	1	1	-1
15	10	1	7	1	1	-1
15	11	1	7	1	1	-1
15	12	1	7	1	1	-1
15	13	1	7	1	1	-1
15	14	1	7	1	1	-1
15	15	1	7	1	1	-1
15	16	1	7	1	1	-1
16	1	1	2	1	1	-1
16	2	1	2	1	1	-1
16	3	1	2	1	1	-1
16	4	2	2	2	2	1.0
16	5	1	2	1	1	-1
16	6	1	2	1	1	-1
16	7	1	2	1	1	-1
16	8	1	2	1	1	-1
16	9	1	2	1	1	-1
16	10	1	2	1	1	-1
16	11	1	2	1	1	-1
16	12	1	2	1	1	-1
16	13	1	2	1	1	-1
16	14	1	2	1	1	-1
16	15	1	2	1	1	-1
16	16	1	2	1	1	-1
1	1	1	20	1	1	-1
1	2	1	20	1	1	-1
1	3	1	20	1	1	-1
1	4	2	20	2	2	-1
1	5	1	20	1	1	-1
1	6	1	20	1	1	-1
1	7	1	20	1	1	-1
1	8	1	20	1	1	-1
1	9	1	20	1	1	-1
1	10	1	20	1	1	-1
1	11	1	20	1	1	-1
1	12	1	20	1	1	-1
1	13	1	20	1	1	-1
1	14	1	20	1	1	-1
1	15	1	20	1	1	-1
1	16	1	20	1	1	-1
2	1	1	64	1	1	-1
2	2	1	64	1	1	-1
2	3	1	64	1	1	-1
2	4	2	64	2	2	-1
2	5	1	64	1	1	-1
2	6	1	64	1	1	-1
2	7	1	64	1	1	-1
2	8	1	64	1	1	-1
2	9	1	64	1	1	-1
2	10	1	64	1	1	-1
2	11	1	64	1	1	-1
2	12	1	64	1	1	-1
2	13	1	64	1	1	-1
2	14	1	64	1	1	-1
2	15	1	64	1	1	-1
2	16	1	64	1	1	-1
3	1	1	27	1	1	-1
3	2	1	27	1	1	-1
3	3	1	27	1	1	-1
3	4	2	27	2	2	-1
3	5	1	27	1	1	-1
3	6	1	27	1	1	-1
3	7	1	27	1	1	-1
3	8	1	27	1	1	-1
3	9	1	27	1	1	-1
3	10	1	27	1	1	-1
3	11	1	27	1	1	-1
3	12	1	27	1	1	-1
3	13	1	27	1	1	-1
3	14	1	27	1	1	-1
3	15	1	27	1	1	-1
3	16	1	27	1	1	-1
4	1	1	80	1	1	-1
4	2	1	80	1	1	-1
4	3	1	80	1	1	-1
4	4	2	80	2	2	-1
4	5	1	80	1	1	-1
4	6	1	80	1	1	-1
4	7	1	80	1	1	-1
4	8	1	80	1	1	-1
4	9	1	80	1	1	-1
4	10	1	80	1	1	-1
4	11	1	80	1	1	-1
4	12	1	80	1	1	-1
4	13	1	80	1	1	-1
4	14	1	80	1	1	-1
4	15	1	80	1	1	-1
4	16	1	80	1	1	-1
5	1	1	35	1	1	-1
5	2	1	35	1	1	-1
5	3	1	35	1	1	-1
5	4	2	35	2	2	-1
5	5	1	35	1	1	-1
5	6	1	35	1	1	-1
5	7	1	35	1	1	-1
5	8	1	35	1	1	-1
5	9	1	35	1	1	-1
5	10	1	35	1	1	-1
5	11	1	35	1	1	-1
5	12	1	35	1	1	-1
5	13	1	35	1	1	-1
5	14	1	35	1	1	-1
5	15	1	35	1	1	-1
5	16	1	35	1	1	-1
6	1	1	22	1	1	-1
6	2	1	22	1	1	-1
6	3	1	22	1	1	-1
6	4	2	22	2	2	-1
6	5	1	22	1	1	-1
6	6	1	22	1	1	-1
6	7	1	22	1	1	-1
6	8	1	22	1	1	-1
6	9	1	22	1	1	-1
6	10	1	22	1	1	-1
6	11	1	22	1	1	-1
6	12	1	22	1	1	-1
6	13	1	22	1	1	-1
6	14	1	22	1	1	-1
6	15	1	22	1	1	-1
6	16	1	22	1	1	-1
7	1	1	50	1	1	-1
7	2	1	50	1	1	-1
7	3	1	50	1	1	-1
7	4	2	50	2	2	-1
7	5	1	50	1	1	-1
7	6	1	50	1	1	-1
7	7	1	50	1	1	-1
7	8	1	50	1	1	-1
7	9	1	50	1	1	-1
7	10	1	50	1	1	-1
7	11	1	50	1	1	-1
7	12	1	50	1	1	-1
7	13	1	50	1	1	-1
7	14	1	50	1	1	-1
7	15	1	50	1	1	-1
7	16	1	50	1	1	-1
8	1	1	26	1	1	-1
8	2	1	26	1	1	-1
8	3	1	26	1	1	-1
8	4	2	26	2	2	-1
8	5	1	26	1	1	-1
8	6	1	26	1	1	-1
8	7	1	26	1	1	-1
8	8	1	26	1	1	-1
8	9	1	26	1	1	-1
8	10	1	26	1	1	-1
8	11	1	26	1	1	-1
8	12	1	26	1	1	-1
8	13	1	26	1	1	-1
8	14	1	26	1	1	-1
8	15	1	26	1	1	-1
8	16	1	26	1	1	-1
9	1	1	20	1	1	-1
9	2	1	20	1	1	-1
9	3	1	20	1	1	-1
9	4	2	20	2	2	-1
9	5	1	20	1	1	-1
9	6	1	20	1	1	-1
9	7	1	20	1	1	-1
9	8	1	20	1	1	-1
9	9	1	20	1	1	-1
9	10	1	20	1	1	-1
9	11	1	20	1	1	-1
9	12	1	20	1	1	-1
9	13	1	20	1	1	-1
9	14	1	20	1	1	-1
9	15	1	20	1	1	-1
9	16	1	20	1	1	-1
10	1	1	25	1	1	-1
10	2	1	25	1	1	-1
10	3	1	25	1	1	-1
10	4	2	25	2	2	-1
10	5	1	25	1	1	-1
10	6	1	25	1	1	-1
10	7	1	25	1	1	-1
10	8	1	25	1	1	-1
10	9	1	25	1	1	-1
10	10	1	25	1	1	-1
10	11	1	25	1	1	-1
10	12	1	25	1	1	-1
10	13	1	25	1	1	-1
10	14	1	25	1	1	-1
10	15	1	25	1	1	-1
10	16	1	25	1	1	-1
11	1	1	21	1	1	-1
11	2	1	21	1	1	-1
11	3	1	21	1	1	-1
11	4	2	21	2	2	-1
11	5	1	21	1	1	-1
11	6	1	21	1	1	-1
11	7	1	21	1	1	-1
11	8	1	21	1	1	-1
11	9	1	21	1	1	-1
11	10	1	21	1	1	-1
11	11	1	21	1	1	-1
11	12	1	21	1	1	-1
11	13	1	21	1	1	-1
11	14	1	21	1	1	-1
11	15	1	21	1	1	-1
11	16	1	21	1	1	-1
12	1	1	22	1	1	-1
12	2	1	22	1	1	-1
12	3	1	22	1	1	-1
12	4	2	22	2	2	-1
12	5	1	22	1	1	-1
12	6	1	22	1	1	-1
12	7	1	22	1	1	-1
12	8	1	22	1	1	-1
12	9	1	22	1	1	-1
12	10	1	22	1	1	-1
12	11	1	22	1	1	-1
12	12	1	22	1	1	-1
12	13	1	22	1	1	-1
12	14	1	22	1	1	-1
12	15	1	22	1	1	-1
12	16	1	22	1	1	-1
13	1	1	17	1	1	-1
13	2	1	17	1	1	-1
13	3	1	17	1	1	-1
13	4	2	17	2	2	-1
13	5	1	17	1	1	-1
13	6	1	17	1	1	-1
13	7	1	17	1	1	-1
13	8	1	17	1	1	-1
13	9	1	17	1	1	-1
13	10	1	17	1	1	-1
13	11	1	17	1	1	-1
13	12	1	17	1	1	-1
13	13	1	17	1	1	-1
13	14	1	17	1	1	-1
13	15	1	17	1	1	-1
13	16	1	17	1	1	-1
14	1	1	10	1	1	-1
14	2	1	10	1	1	-1
14	3	1	10	1	1	-1
14	4	2	10	2	2	-1
14	5	1	10	1	1	-1
14	6	1	10	1	1	-1
14	7	1	10	1	1	-1
14	8	1	10	1	1	-1
14	9	1	10	1	1	-1
14	10	1	10	1	1	-1
14	11	1	10	1	1	-1
14	12	1	10	1	1	-1
14	13	1	10	1	1	-1
14	14	1	10	1	1	-1
14	15	1	10	1	1	-1
14	16	1	10	1	1	-1
15	1	1	6	1	1	-1
15	2	1	6	1	1	-1
15	3	1	6	1	1	-1
15	4	2	6	2	2	-1
15	5	1	6	1	1	-1
15	6	1	6	1	1	-1
15	7	1	6	1	1	-1
15	8	1	6	1	1	-1
15	9	1	6	1	1	-1
15	10	1	6	1	1	-1
15	11	1	6	1	1	-1
15	12	1	6	1	1	-1
15	13	1	6	1	1	-1
15	14	1	6	1	1	-1
15	15	1	6	1	1	-1
15	16	1	6	1	1	-1
16	1	1	2	1	1	-1
16	2	1	2	1	1	-1
16	3	1	2	1	1	-1
16	4	2	2	2	2	1.0
16	5	1	2	1	1	-1
16	6	1	2	1	1	-1
16	7	1	2	1	1	-1
16	8	1	2	1	1	-1
16	9	1	2	1	1	-1
16	10	1	2	1	1	-1
16	11	1	2	1	1	-1
16	12	1	2	1	1	-1
16	13	1	2	1	1	-1
16	14	1	2	1	1	-1
16	15	1	2	1	1	-1
16	16	1	2	1	1	-1
1	1	1	19	1	1	-1
1	2	1	19	1	1	-1
1	3	1	19	1	1	-1
1	4	2	19	2	2	-1
1	5	1	19	1	1	-1
1	6	1	19	1	1	-1
1	7	1	19	1	1	-1
1	8	1	19	1	1	-1
1	9	1	19	1	1	-1
1	10	1	19	1	1	-1
1	11	1	19	1	1	-1
1	12	1	19	1	1	-1
1	13	1	19	1	1	-1
1	14	1	19	1	1	-1
1	15	1	19	1	1	-1
1	16	1	19	1	1	-1
2	1	1	63	1	1	-1
2	2	1	63	1	1	-1
2	3	1	63	1	1	-1
2	4	2	63	2	2	-1
2	5	1	63	1	1	-1
2	6	1	63	1	1	-1
2	7	1	63	1	1	-1
2	8	1	63	1	1	-1
2	9	1	63	1	1	-1
2	10	1	63	1	1	-1
2	11	1	63	1	1	-1
2	12	1	63	1	1	-1
2	13	1	63	1	1	-1
2	14	1	63	1	1	-1
2	15	1	63	1	1	-1
2	16	1	63	1	1	-1
3	1	1	26	1	1	-1
3	2	1	26	1	1	-1
3	3	1	26	1	1	-1
3	4	2	26	2	2	-1
3	5	1	26	1	1	-1
3	6	1	26	1	1	-1
3	7	1	26	1	1	-1
3	8	1	26	1	1	-1
3	9	1	26	1	1	-1
3	10	1	26	1	1	-1
3	11	1	26	1	1	-1
3	12	1	26	1	1	-1
3	13	1	26	1	1	-1
3	14	1	26	1	1	-1
3	15	1	26	1	1	-1
3	16	1	26	1	1	-1
4	1	1	79	1	1	-1
4	2	1	79	1	1	-1
4	3	1	79	1	1	-1
4	4	2	79	2	2	-1
4	5	1	79	1	1	-1
4	6	1	79	1	1	-1
4	7	1	79	1	1	-1
4	8	1	79	1	1	-1
4	9	1	79	1	1	-1
4	10	1	79	1	1	-1
4	11	1	79	1	1	-1
4	12	1	79	1	1	-1
4	13	1	79	1	1	-1
4	14	1	79	1	1	-1
4	15	1	79	1	1	-1
4	16	1	79	1	1	-1
5	1	1	34	1	1	-1
5	2	1	34	1	1	-1
5	3	1	34	1	1	-1
5	4	2	34	2	2	-1
5	5	1	34	1	1	-1
5	6	1	34	1	1	-1
5	7	1	34	1	1	-1
5	8	1	34	1	1	-1
5	9	1	34	1	1	-1
5	10	1	34	1	1	-1
5	11	1	34	1	1	-1
5	12	1	34	1	1	-1
5	13	1	34	1	1	-1
5	14	1	34	1	1	-1
5	15	1	34	1	1	-1
5	16	1	34	1	1	-1
6	1	1	21	1	1	-1
6	2	1	21	1	1	-1
6	3	1	21	1	1	-1
6	4	2	21	2	2	-1
6	5	1	21	1	1	-1
6	6	1	21	1	1	-1
6	7	1	21	1	1	-1
6	8	1	21	1	1	-1
6	9	1	21	1	1	-1
6	10	1	21	1	1	-1
6	11	1	21	1	1	-1
6	12	1	21	1	1	-1
6	13	1	21	1	1	-1
6	14	1	21	1	1	-1
6	15	1	21	1	1	-1
6	16	1	21	1	1	-1
7	1	1	49	1	1	-1
7	2	1	49	1	1	-1
7	3	1	49	1	1	-1
7	4	2	49	2	2	-1
7	5	1	49	1	1	-1
7	6	1	49	1	1	-1
7	7	1	49	1	1	-1
7	8	1	49	1	1	-1
7	9	1	49	1	1	-1
7	10	1	49	1	1	-1
7	11	1	49	1	1	-1
7	12	1	49	1	1	-1
7	13	1	49	1	1	-1
7	14	1	49	1	1	-1
7	15	1	49	1	1	-1
7	16	1	49	1	1	-1
8	1	1	26	1	1	-1
8	2	1	26	1	1	-1
8	3	1	26	1	1	-1
8	4	2	26	2	2	-1
8	5	1	26	1	1	-1
8	6	1	26	1	1	-1
8	7	1	26	1	1	-1
8	8	1	26	1	1	-1
8	9	1	26	1	1	-1
8	10	1	26	1	1	-1
8	11	1	26	1	1	-1
8	12	1	26	1	1	-1
8	13	1	26	1	1	-1
8	14	1	26	1	1	-1
8	15	1	26	1	1	-1
8	16	1	26	1	1	-1
9	1	1	20	1	1	-1
9	2	1	20	1	1	-1
9	3	1	20	1	1	-1
9	4	2	20	2	2	-1
9	5	1	20	1	1	-1
9	6	1	20	1	1	-1
9	7	1	20	1	1	-1
9	8	1	20	1	1	-1
9	9	1	20	1	1	-1
9	10	1	20	1	1	-1
9	11	1	20	1	1	-1
9	12	1	20	1	1	-1
9	13	1	20	1	1	-1
9	14	1	20	1	1	-1
9	15	1	20	1	1	-1
9	16	1	20	1	1	-1
10	1	1	24	1	1	-1
10	2	1	24	1	1	-1
10	3	1	24	1	1	-1
10	4	2	24	2	2	-1
10	5	1	24	1	1	-1
10	6	1	24	1	1	-1
10	7	1	24	1	1	-1
10	8	1	24	1	1	-1
10	9	1	24	1	1	-1
10	10	1	24	1	1	-1
10	11	1	24	1	1	-1
10	12	1	24	1	1	-1
10	13	1	24	1	1	-1
10	14	1	24	1	1	-1
10	15	1	24	1	1	-1
10	16	1	24	1	1	-1
11	1	1	21	1	1	-1
11	2	1	21	1	1	-1
11	3	1	21	1	1	-1
11	4	2	21	2	2	-1
11	5	1	21	1	1	-1
11	6	1	21	1	1	-1
11	7	1	21	1	1	-1
11	8	1	21	1	1	-1
11	9	1	21	1	1	-1
11	10	1	21	1	1	-1
11	11	1	21	1	1	-1
11	12	1	21	1	1	-1
11	13	1	21	1	1	-1
11	14	1	21	1	1	-1
11	15	1	21	1	1	-1
11	16	1	21	1	1	-1
12	1	1	22	1	1	-1
12	2	1	22	1	1	-1
12	3	1	22	1	1	-1
12	4	2	22	2	2	-1
12	5	1	22	1	1	-1
12	6	1	22	1	1	-1
12	7	1	22	1	1	-1
12	8	1	22	1	1	-1
12	9	1	22	1	1	-1
12	10	1	22	1	1	-1
12	11	1	22	1	1	-1
12	12	1	22	1	1	-1
12	13	1	22	1	1	-1
12	14	1	22	1	1	-1
12	15	1	22	1	1	-1
12	16	1	22	1	1	-1
13	1	1	17	1	1	-1
13	2	1	17	1	1	-1
13	3	1	17	1	1	-1
13	4	2	17	2	2	-1
13	5	1	17	1	1	-1
13	6	1	17	1	1	-1
13	7	1	17	1	1	-1
13	8	1	17	1	1	-1
13	9	1	17	1	1	-1
13	10	1	17	1	1	-1
13	11	1	17	1	1	-1
13	12	1	17	1	1	-1
13	13	1	17	1	1	-1
13	14	1	17	1	1	-1
13	15	1	17	1	1	-1
13	16	1	17	1	1	-1
14	1	1	10	1	1	-1
14	2	1	10	1	1	-1
14	3	1	10	1	1	-1
14	4	2	10	2	2	-1
14	5	1	10	1	1	-1
14	6	1	10	1	1	-1
14	7	1	10	1	1	-1
14	8	1	10	1	1	-1
14	9	1	10	1	1	-1
14	10	1	10	1	1	-1
14	11	1	10	1	1	-1
14	12	1	10	1	1	-1
14	13	1	10	1	1	-1
14	14	1	10	1	1	-1
14	15	1	10	1	1	-1
14	16	1	10	1	1	-1
15	1	1	6	1	1	-1
15	2	1	6	1	1	-1
15	3	1	6	1	1	-1
15	4	2	6	2	2	-1
15	5	1	6	1	1	-1
15	6	1	6	1	1	-1
15	7	1	6	1	1	-1
15	8	1	6	1	1	-1
15	9	1	6	1	1	-1
15	10	1	6	1	1	-1
15	11	1	6	1	1	-1
15	12	1	6	1	1	-1
15	13	1	6	1	1	-1
15	14	1	6	1	1	-1
15	15	1	6	1	1	-1
15	16	1	6	1	1	-1
16	1	1	2	1	1	-1
16	2	1	2	1	1	-1
16	3	1	2	1	1	-1
16	4	2	2	2	2	1.0
16	5	1	2	1	1	-1
16	6	1	2	1	1	-1
16	7	1	2	1	1	-1
16	8	1	2	1	1	-1
16	9	1	2	1	1	-1
16	10	1	2	1	1	-1
16	11	1	2	1	1	-1
16	12	1	2	1	1	-1
16	13	1	2	1	1	-1
16	14	1	2	1	1	-1
16	15	1	2	1	1	-1
16	16	1	2	1	1	-1
1	1	1	19	1	1	-1
1	2	1	19	1	1	-1
1	3	1	19	1	1	-1
1	4	2	19	2	2	-1
1	5	1	19	1	1	-1
1	6	1	19	1	1	-1
1	7	1	19	1	1	-1
1	8	1	19	1	1	-1
1	9	1	19	1	1	-1
1	10	1	19	1	1	-1
1	11	1	19	1	1	-1
1	12	1	19	1	1	-1
1	13	1	19	1	1	-1
1	14	1	19	1	1	-1
1	15	1	19	1	1	-1
1	16	1	19	1	1	-1
2	1	1	62	1	1	-1
2	2	1	62	1	1	-1
2	3	1	62	1	1	-1
2	4	2	62	2	2	-1
2	5	1	62	1	1	-1
2	6	1	62	1	1	-1
2	7	1	62	1	1	-1
2	8	1	62	1	1	-1
2	9	1	62	1	1	-1
2	10	1	62	1	1	-1
2	11	1	62	1	1	-1
2	12	1	62	1	1	-1
2	13	1	62	1	1	-1
2	14	1	62	1	1	-1
2	15	1	62	1	1	-1
2	16	1	62	1	1	-1
3	1	1	26	1	1	-1
3	2	1	26	1	1	-1
3	3	1	26	1	1	-1
3	4	2	26	2	2	-1
3	5	1	26	1	1	-1
3	6	1	26	1	1	-1
3	7	1	26	1	1	-1
3	8	1	26	1	1	-1
3	9	1	26	1	1	-1
3	10	1	26	1	1	-1
3	11	1	26	1	1	-1
3	12	1	26	1	1	-1
3	13	1	26	1	1	-1
3	14	1	26	1	1	-1
3	15	1	26	1	1	-1
3	16	1	26	1	1	-1
4	1	1	77	1	1	-1
4	2	1	77	1	1	-1
4	3	1	77	1	1	-1
4	4	2	77	2	2	-1
4	5	1	77	1	1	-1
4	6	1	77	1	1	-1
4	7	1	77	1	1	-1
4	8	1	77	1	1	-1
4	9	1	77	1	1	-1
4	10	1	77	1	1	-1
4	11	1	77	1	1	-1
4	12	1	77	1	1	-1
4	13	1	77	1	1	-1
4	14	1	77	1	1	-1
4	15	1	77	1	1	-1
4	16	1	77	1	1	-1
5	1	1	34	1	1	-1
5	2	1	34	1	1	-1
5	3	1	34	1	1	-1
5	4	2	34	2	2	-1
5	5	1	34	1	1	-1
5	6	1	34	1	1	-1
5	7	1	34	1	1	-1
5	8	1	34	1	1	-1
5	9	1	34	1	1	-1
5	10	1	34	1	1	-1
5	11	1	34	1	1	-1
5	12	1	34	1	1	-1
5	13	1	34	1	1	-1
5	14	1	34	1	1	-1
5	15	1	34	1	1	-1
5	16	1	34	1	1	-1
6	1	1	21	1	1	-1
6	2	1	21	1	1	-1
6	3	1	21	1	1	-1
6	4	2	21	2	2	-1
6	5	1	21	1	1	-1
6	6	1	21	1	1	-1
6	7	1	21	1	1	-1
6	8	1	21	1	1	-1
6	9	1	21	1	1	-1
6	10	1	21	1	1	-1
6	11	1	21	1	1	-1
6	12	1	21	1	1	-1
6	13	1	21	1	1	-1
6	14	1	21	1	1	-1
6	15	1	21	1	1	-1
6	16	1	21	1	1	-1
7	1	1	48	1	1	-1
7	2	1	48	1	1	-1
7	3	1	48	1	1	-1
7	4	2	48	2	2	-1
7	5	1	48	1	1	-1
7	6	1	48	1	1	-1
7	7	1	48	1	1	-1
7	8	1	48	1	1	-1
7	9	1	48	1	1	-1
7	10	1	48	1	1	-1
7	11	1	48	1	1	-1
7	12	1	48	1	1	-1
7	13	1	48	1	1	-1
7	14	1	48	1	1	-1
7	15	1	48	1	1	-1
7	16	1	48	1	1	-1
8	1	1	25	1	1	-1
8	2	1	25	1	1	-1
8	3	1	25	1	1	-1
8	4	2	25	2	2	-1
8	5	1	25	1	1	-1
8	6	1	25	1	1	-1
8	7	1	25	1	1	-1
8	8	1	25	1	1	-1
8	9	1	25	1	1	-1
8	10	1	25	1	1	-1
8	11	1	25	1	1	-1
8	12	1	25	1	1	-1
8	13	1	25	1	1	-1
8	14	1	25	1	1	-1
8	15	1	25	1	1	-1
8	16	1	25	1	1	-1
9	1	1	19	1	1	-1
9	2	1	19	1	1	-1
9	3	1	19	1	1	-1
9	4	2	19	2	2	-1
9	5	1	19	1	1	-1
9	6	1	19	1	1	-1
9	7	1	19	1	1	-1
9	8	1	19	1	1	-1
9	9	1	19	1	1	-1
9	10	1	19	1	1	-1
9	11	1	19	1	1	-1
9	12	1	19	1	1	-1
9	13	1	19	1	1	-1
9	14	1	19	1	1	-1
9	15	1	19	1	1	-1
9	16	1	19	1	1	-1
10	1	1	24	1	1	-1
10	2	1	24	1	1	-1
10	3	1	24	1	1	-1
10	4	2	24	2	2	-1
10	5	1	24	1	1	-1
10	6	1	24	1	1	-1
10	7	1	24	1	1	-1
10	8	1	24	1	1	-1
10	9	1	24	1	1	-1
10	10	1	24	1	1	-1
10	11	1	24	1	1	-1
10	12	1	24	1	1	-1
10	13	1	24	1	1	-1
10	14	1	24	1	1	-1
10	15	1	24	1	1	-1
10	16	1	24	1	1	-1
11	1	1	21	1	1	-1
11	2	1	21	1	1	-1
11	3	1	21	1	1	-1
11	4	2	21	2	2	-1
11	5	1	21	1	1	-1
11	6	1	21	1	1	-1
11	7	1	21	1	1	-1
11	8	1	21	1	1	-1
11	9	1	21	1	1	-1
11	10	1	21	1	1	-1
11	11	1	21	1	1	-1
11	12	1	21	1	1	-1
11	13	1	21	1	1	-1
11	14	1	21	1	1	-1
11	15	1	21	1	1	-1
11	16	1	21	1	1	-1
12	1	1	21	1	1	-1
12	2	1	21	1	1	-1
12	3	1	21	1	1	-1
12	4	2	21	2	2	-1
12	5	1	21	1	1	-1
12	6	1	21	1	1	-1
12	7	1	21	1	1	-1
12	8	1	21	1	1	-1
12	9	1	21	1	1	-1
12	10	1	21	1	1	-1
12	11	1	21	1	1	-1
12	12	1	21	1	1	-1
12	13	1	21	1	1	-1
12	14	1	21	1	1	-1
12	15	1	21	1	1	-1
12	16	1	21	1	1	-1
13	1	1	17	1	1	-1
13	2	1	17	1	1	-1
13	3	1	17	1	1	-1
13	4	2	17	2	2	-1
13	5	1	17	1	1	-1
13	6	1	17	1	1	-1
13	7	1	17	1	1	-1
13	8	1	17	1	1	-1
13	9	1	17	1	1	-1
13	10	1	17	1	1	-1
13	11	1	17	1	1	-1
13	12	1	17	1	1	-1
13	13	1	17	1	1	-1
13	14	1	17	1	1	-1
13	15	1	17	1	1	-1
13	16	1	17	1	1	-1
14	1	1	10	1	1	-1
14	2	1	10	1	1	-1
14	3	1	10	1	1	-1
14	4	2	10	2	2	-1
14	5	1	10	1	1	-1
14	6	1	10	1	1	-1
14	7	1	10	1	1	-1
14	8	1	10	1	1	-1
14	9	1	10	1	1	-1
14	10	1	10	1	1	-1
14	11	1	10	1	1	-1
14	12	1	10	1	1	-1
14	13	1	10	1	1	-1
14	14	1	10	1	1	-1
14	15	1	10	1	1	-1
14	16	1	10	1	1	-1
15	1	1	6	1	1	-1
15	2	1	6	1	1	-1
15	3	1	6	1	1	-1
15	4	2	6	2	2	-1
15	5	1	6	1	1	-1
15	6	1	6	1	1	-1
15	7	1	6	1	1	-1
15	8	1	6	1	1	-1
15	9	1	6	1	1	-1
15	10	1	6	1	1	-1
15	11	1	6	1	1	-1
15	12	1	6	1	1	-1
15	13	1	6	1	1	-1
15	14	1	6	1	1	-1
15	15	1	6	1	1	-1
15	16	1	6	1	1	-1
16	1	1	2	1	1	-1
16	2	1	2	1	1	-1
16	3	1	2	1	1	-1
16	4	2	2	2	2	1.0
16	5	1	2	1	1	-1
16	6	1	2	1	1	-1
16	7	1	2	1	1	-1
16	8	1	2	1	1	-1
16	9	1	2	1	1	-1
16	10	1	2	1	1	-1
16	11	1	2	1	1	-1
16	12	1	2	1	1	-1
16	13	1	2	1	1	-1
16	14	1	2	1	1	-1
16	15	1	2	1	1	-1
16	16	1	2	1	1	-1
1	1	1	19	1	1	-1
1	2	1	19	1	1	-1
1	3	1	19	1	1	-1
1	4	2	19	2	2	-1
1	5	1	19	1	1	-1
1	6	1	19	1	1	-1
1	7	1	19	1	1	-1
1	8	1	19	1	1	-1
1	9	1	19	1	1	-1
1	10	1	19	1	1	-1
1	11	1	19	1	1	-1
1	12	1	19	1	1	-1
1	13	1	19	1	1	-1
1	14	1	19	1	1	-1
1	15	1	19	1	1	-1
1	16	1	19	1	1	-1
2	1	1	61	1	1	-1
2	2	1	61	1	1	-1
2	3	1	61	1	1	-1
2	4	2	61	2	2	-1
2	5	1	61	1	1	-1
2	6	1	61	1	1	-1
2	7	1	61	1	1	-1
2	8	1	61	1	1	-1
2	9	1	61	1	1	-1
2	10	1	61	1	1	-1
2	11	1	61	1	1	-1
2	12	1	61	1	1	-1
2	13	1	61	1	1	-1
2	14	1	61	1	1	-1
2	15	1	61	1	1	-1
2	16	1	61	1	1	-1
3	1	1	25	1	1	-1
3	2	1	25	1	1	-1
3	3	1	25	1	1	-1
3	4	2	25	2	2	-1
3	5	1	25	1	1	-1
3	6	1	25	1	1	-1
3	7	1	25	1	1	-1
3	8	1	25	1	1	-1
3	9	1	25	1	1	-1
3	10	1	25	1	1	-1
3	11	1	25	1	1	-1
3	12	1	25	1	1	-1
3	13	1	25	1	1	-1
3	14	1	25	1	1	-1
3	15	1	25	1	1	-1
3	16	1	25	1	1	-1
4	1	1	76	1	1	-1
4	2	1	76	1	1	-1
4	3	1	76	1	1	-1
4	4	2	76	2	2	-1
4	5	1	76	1	1	-1
4	6	1	76	1	1	-1
4	7	1	76	1	1	-1
4	8	1	76	1	1	-1
4	9	1	76	1	1	-1
4	10	1	76	1	1	-1
4	11	1	76	1	1	-1
4	12	1	76	1	1	-1
4	13	1	76	1	1	-1
4	14	1	76	1	1	-1
4	15	1	76	1	1	-1
4	16	1	76	1	1	-1
5	1	1	33	1	1	-1
5	2	1	33	1	1	-1
5	3	1	33	1	1	-1
5	4	2	33	2	2	-1
5	5	1	33	1	1	-1
5	6	1	33	1	1	-1
5	7	1	33	1	1	-1
5	8	1	33	1	1	-1
5	9	1	33	1	1	-1
5	10	1	33	1	1	-1
5	11	1	33	1	1	-1
5	12	1	33	1	1	-1
5	13	1	33	1	1	-1
5	14	1	33	1	1	-1
5	15	1	33	1	1	-1
5	16	1	33	1	1	-1
6	1	1	21	1	1	-1
6	2	1	21	1	1	-1
6	3	1	21	1	1	-1
6	4	2	21	2	2	-1
6	5	1	21	1	1	-1
6	6	1	21	1	1	-1
6	7	1	21	1	1	-1
6	8	1	21	1	1	-1
6	9	1	21	1	1	-1
6	10	1	21	1	1	-1
6	11	1	21	1	1	-1
6	12	1	21	1	1	-1
6	13	1	21	1	1	-1
6	14	1	21	1	1	-1
6	15	1	21	1	1	-1
6	16	1	21	1	1	-1
7	1	1	47	1	1	-1
7	2	1	47	1	1	-1
7	3	1	47	1	1	-1
7	4	2	47	2	2	-1
7	5	1	47	1	1	-1
7	6	1	47	1	1	-1
7	7	1	47	1	1	-1
7	8	1	47	1	1	-1
7	9	1	47	1	1	-1
7	10	1	47	1	1	-1
7	11	1	47	1	1	-1
7	12	1	47	1	1	-1
7	13	1	47	1	1	-1
7	14	1	47	1	1	-1
7	15	1	47	1	1	-1
7	16	1	47	1	1	-1
8	1	1	25	1	1	-1
8	2	1	25	1	1	-1
8	3	1	25	1	1	-1
8	4	2	25	2	2	-1
8	5	1	25	1	1	-1
8	6	1	25	1	1	-1
8	7	1	25	1	1	-1
8	8	1	25	1	1	-1
8	9	1	25	1	1	-1
8	10	1	25	1	1	-1
8	11	1	25	1	1	-1
8	12	1	25	1	1	-1
8	13	1	25	1	1	-1
8	14	1	25	1	1	-1
8	15	1	25	1	1	-1
8	16	1	25	1	1	-1
9	1	1	19	1	1	-1
9	2	1	19	1	1	-1
9	3	1	19	1	1	-1
9	4	2	19	2	2	-1
9	5	1	19	1	1	-1
9	6	1	19	1	1	-1
9	7	1	19	1	1	-1
9	8	1	19	1	1	-1
9	9	1	19	1	1	-1
9	10	1	19	1	1	-1
9	11	1	19	1	1	-1
9	12	1	19	1	1	-1
9	13	1	19	1	1	-1
9	14	1	19	1	1	-1
9	15	1	19	1	1	-1
9	16	1	19	1	1	-1
10	1	1	24	1	1	-1
10	2	1	24	1	1	-1
10	3	1	24	1	1	-1
10	4	2	24	2	2	-1
10	5	1	24	1	1	-1
10	6	1	24	1	1	-1
10	7	1	24	1	1	-1
10	8	1	24	1	1	-1
10	9	1	24	1	1	-1
10	10	1	24	1	1	-1
10	11	1	24	1	1	-1
10	12	1	24	1	1	-1
10	13	1	24	1	1	-1
10	14	1	24	1	1	-1
10	15	1	24	1	1	-1
10	16	1	24	1	1	-1
11	1	1	20	1	1	-1
11	2	1	20	1	1	-1
11	3	1	20	1	1	-1
11	4	2	20	2	2	-1
11	5	1	20	1	1	-1
11	6	1	20	1	1	-1
11	7	1	20	1	1	-1
11	8	1	20	1	1	-1
11	9	1	20	1	1	-1
11	10	1	20	1	1	-1
11	11	1	20	1	1	-1
11	12	1	20	1	1	-1
11	13	1	20	1	1	-1
11	14	1	20	1	1	-1
11	15	1	20	1	1	-1
11	16	1	20	1	1	-1
12	1	1	21	1	1	-1
12	2	1	21	1	1	-1
12	3	1	21	1	1	-1
12	4	2	21	2	2	-1
12	5	1	21	1	1	-1
12	6	1	21	1	1	-1
12	7	1	21	1	1	-1
12	8	1	21	1	1	-1
12	9	1	21	1	1	-1
12	10	1	21	1	1	-1
12	11	1	21	1	1	-1
12	12	1	21	1	1	-1
12	13	1	21	1	1	-1
12	14	1	21	1	1	-1
12	15	1	21	1	1	-1
12	16	1	21	1	1	-1
13	1	1	16	1	1	-1
13	2	1	16	1	1	-1
13	3	1	16	1	1	-1
13	4	2	16	2	2	-1
13	5	1	16	1	1	-1
13	6	1	16	1	1	-1
13	7	1	16	1	1	-1
13	8	1	16	1	1	-1
13	9	1	16	1	1	-1
13	10	1	16	1	1	-1
13	11	1	16	1	1	-1
13	12	1	16	1	1	-1
13	13	1	16	1	1	-1
13	14	1	16	1	1	-1
13	15	1	16	1	1	-1
13	16	1	16	1	1	-1
14	1	1	10	1	1	-1
14	2	1	10	1	1	-1
14	3	1	10	1	1	-1
14	4	2	10	2	2	-1
14	5	1	10	1	1	-1
14	6	1	10	1	1	-1
14	7	1	10	1	1	-1
14	8	1	10	1	1	-1
14	9	1	10	1	1	-1
14	10	1	10	1	1	-1
14	11	1	10	1	1	-1
14	12	1	10	1	1	-1
14	13	1	10	1	1	-1
14	14	1	10	1	1	-1
14	15	1	10	1	1	-1
14	16	1	10	1	1	-1
15	1	1	6	1	1	-1
15	2	1	6	1	1	-1
15	3	1	6	1	1	-1
15	4	2	6	2	2	-1
15	5	1	6	1	1	-1
15	6	1	6	1	1	-1
15	7	1	6	1	1	-1
15	8	1	6	1	1	-1
15	9	1	6	1	1	-1
15	10	1	6	1	1	-1
15	11	1	6	1	1	-1
15	12	1	6	1	1	-1
15	13	1	6	1	1	-1
15	14	1	6	1	1	-1
15	15	1	6	1	1	-1
15	16	1	6	1	1	-1
16	1	1	2	1	1	-1
16	2	1	2	1	1	-1
16	3	1	2	1	1	-1
16	4	2	2	2	2	1.0
16	5	1	2	1	1	-1
16	6	1	2	1	1	-1
16	7	1	2	1	1	-1
16	8	1	2	1	1	-1
16	9	1	2	1	1	-1
16	10	1	2	1	1	-1
16	11	1	2	1	1	-1
16	12	1	2	1	1	-1
16	13	1	2	1	1	-1
16	14	1	2	1	1	-1
16	15	1	2	1	1	-1
16	16	1	2	1	1	-1
1	1	1	18	1	1	-1
1	2	1	18	1	1	-1
1	3	1	18	1	1	-1
1	4	2	18	2	2	-1
1	5	1	18	1	1	-1
1	6	1	18	1	1	-1
1	7	1	18	1	1	-1
1	8	1	18	1	1	-1
1	9	1	18	1	1	-1
1	10	1	18	1	1	-1
1	11	1	18	1	1	-1
1	12	1	18	1	1	-1
1	13	1	18	1	1	-1
1	14	1	18	1	1	-1
1	15	1	18	1	1	-1
1	16	1	18	1	1	-1
2	1	1	60	1	1	-1
2	2	1	60	1	1	-1
2	3	1	60	1	1	-1
2	4	2	60	2	2	-1
2	5	1	60	1	1	-1
2	6	1	60	1	1	-1
2	7	1	60	1	1	-1
2	8	1	60	1	1	-1
2	9	1	60	1	1	-1
2	10	1	60	1	1	-1
2	11	1	60	1	1	-1
2	12	1	60	1	1	-1
2	13	1	60	1	1	-1
2	14	1	60	1	1	-1
2	15	1	60	1	1	-1
2	16	1	60	1	1	-1
3	1	1	25	1	1	-1
3	2	1	25	1	1	-1
3	3	1	25	1	1	-1
3	4	2	25	2	2	-1
3	5	1	25	1	1	-1
3	6	1	25	1	1	-1
3	7	1	25	1	1	-1
3	8	1	25	1	1	-1
3	9	1	25	1	1	-1
3	10	1	25	1	1	-1
3	11	1	25	1	1	-1
3	12	1	25	1	1	-1
3	13	1	25	1	1	-1
3	14	1	25	1	1	-1
3	15	1	25	1	1	-1
3	16	1	25	1	1	-1
4	1	1	75	1	1	-1
4	2	1	75	1	1	-1
4	3	1	75	1	1	-1
4	4	2	75	2	2	-1
4	5	1	75	1	1	-1
4	6	1	75	1	1	-1
4	7	1	75	1	1	-1
4	8	1	75	1	1	-1
4	9	1	75	1	1	-1
4	10	1	75	1	1	-1
4	11	1	75	1	1	-1
4	12	1	75	1	1	-1
4	13	1	75	1	1	-1
4	14	1	75	1	1	-1
4	15	1	75	1	1	-1
4	16	1	75	1	1	-1
5	1	1	32	1	1	-1
5	2	1	32	1	1	-1
5	3	1	32	1	1	-1
5	4	2	32	2	2	-1
5	5	1	32	1	1	-1
5	6	1	32	1	1	-1
5	7	1	32	1	1	-1
5	8	1	32	1	1	-1
5	9	1	32	1	1	-1
5	10	1	32	1	1	-1
5	11	1	32	1	1	-1
5	12	1	32	1	1	-1
5	13	1	32	1	1	-1
5	14	1	32	1	1	-1
5	15	1	32	1	1	-1
5	16	1	32	1	1	-1
6	1	1	20	1	1	-1
6	2	1	20	1	1	-1
6	3	1	20	1	1	-1
6	4	2	20	2	2	-1
6	5	1	20	1	1	-1
6	6	1	20	1	1	-1
6	7	1	20	1	1	-1
6	8	1	20	1	1	-1
6	9	1	20	1	1	-1
6	10	1	20	1	1	-1
6	11	1	20	1	1	-1
6	12	1	20	1	1	-1
6	13	1	20	1	1	-1
6	14	1	20	1	1	-1
6	15	1	20	1	1	-1
6	16	1	20	1	1	-1
7	1	1	47	1	1	-1
7	2	1	47	1	1	-1
7	3	1	47	1	1	-1
7	4	2	47	2	2	-1
7	5	1	47	1	1	-1
7	6	1	47	1	1	-1
7	7	1	47	1	1	-1
7	8	1	47	1	1	-1
7	9	1	47	1	1	-1
7	10	1	47	1	1	-1
7	11	1	47	1	1	-1
7	12	1	47	1	1	-1
7	13	1	47	1	1	-1
7	14	1	47	1	1	-1
7	15	1	47	1	1	-1
7	16	1	47	1	1	-1
8	1	1	24	1	1	-1
8	2	1	24	1	1	-1
8	3	1	24	1	1	-1
8	4	2	24	2	2	-1
8	5	1	24	1	1	-1
8	6	1	24	1	1	-1
8	7	1	24	1	1	-1
8	8	1	24	1	1	-1
8	9	1	24	1	1	-1
8	10	1	24	1	1	-1
8	11	1	24	1	1	-1
8	12	1	24	1	1	-1
8	13	1	24	1	1	-1
8	14	1	24	1	1	-1
8	15	1	24	1	1	-1
8	16	1	24	1	1	-1
9	1	1	19	1	1	-1
9	2	1	19	1	1	-1
9	3	1	19	1	1	-1
9	4	2	19	2	2	-1
9	5	1	19	1	1	-1
9	6	1	19	1	1	-1
9	7	1	19	1	1	-1
9	8	1	19	1	1	-1
9	9	1	19	1	1	-1
9	10	1	19	1	1	-1
9	11	1	19	1	1	-1
9	12	1	19	1	1	-1
9	13	1	19	1	1	-1
9	14	1	19	1	1	-1
9	15	1	19	1	1	-1
9	16	1	19	1	1	-1
10	1	1	23	1	1	-1
10	2	1	23	1	1	-1
10	3	1	23	1	1	-1
10	4	2	23	2	2	-1
10	5	1	23	1	1	-1
10	6	1	23	1	1	-1
10	7	1	23	1	1	-1
10	8	1	23	1	1	-1
10	9	1	23	1	1	-1
10	10	1	23	1	1	-1
10	11	1	23	1	1	-1
10	12	1	23	1	1	-1
10	13	1	23	1	1	-1
10	14	1	23	1	1	-1
10	15	1	23	1	1	-1
10	16	1	23	1	1	-1
11	1	1	20	1	1	-1
11	2	1	20	1	1	-1
11	3	1	20	1	1	-1
11	4	2	20	2	2	-1
11	5	1	20	1	1	-1
11	6	1	20	1	1	-1
11	7	1	20	1	1	-1
11	8	1	20	1	1	-1
11	9	1	20	1	1	-1
11	10	1	20	1	1	-1
11	11	1	20	1	1	-1
11	12	1	20	1	1	-1
11	13	1	20	1	1	-1
11	14	1	20	1	1	-1
11	15	1	20	1	1	-1
11	16	1	20	1	1	-1
12	1	1	21	1	1	-1
12	2	1	21	1	1	-1
12	3	1	21	1	1	-1
12	4	2	21	2	2	-1
12	5	1	21	1	1	-1
12	6	1	21	1	1	-1
12	7	1	21	1	1	-1
12	8	1	21	1	1	-1
12	9	1	21	1	1	-1
12	10	1	21	1	1	-1
12	11	1	21	1	1	-1
12	12	1	21	1	1	-1
12	13	1	21	1	1	-1
12	14	1	21	1	1	-1
12	15	1	21	1	1	-1
12	16	1	21	1	1	-1
13	1	1	16	1	1	-1
13	2	1	16	1	1	-1
13	3	1	16	1	1	-1
13	4	2	16	2	2	-1
13	5	1	16	1	1	-1
13	6	1	16	1	1	-1
13	7	1	16	1	1	-1
13	8	1	16	1	1	-1
13	9	1	16	1	1	-1
13	10	1	16	1	1	-1
13	11	1	16	1	1	-1
13	12	1	16	1	1	-1
13	13	1	16	1	1	-1
13	14	1	16	1	1	-1
13	15	1	16	1	1	-1
13	16	1	16	1	1	-1
14	1	1	9	1	1	-1
14	2	1	9	1	1	-1
14	3	1	9	1	1	-1
14	4	2	9	2	2	-1
14	5	1	9	1	1	-1
14	6	1	9	1	1	-1
14	7	1	9	1	1	-1
14	8	1	9	1	1	-1
14	9	1	9	1	1	-1
14	10	1	9	1	1	-1
14	11	1	9	1	1	-1
14	12	1	9	1	1	-1
14	13	1	9	1	1	-1
14	14	1	9	1	1	-1
14	15	1	9	1	1	-1
14	16	1	9	1	1	-1
15	1	1	6	1	1	-1
15	2	1	6	1	1	-1
15	3	1	6	1	1	-1
15	4	2	6	2	2	-1
15	5	1	6	1	1	-1
15	6	1	6	1	1	-1
15	7	1	6	1	1	-1
15	8	1	6	1	1	-1
15	9	1	6	1	1	-1
15	10	1	6	1	1	-1
15	11	1	6	1	1	-1
15	12	1	6	1	1	-1
15	13	1	6	1	1	-1
15	14	1	6	1	1	-1
15	15	1	6	1	1	-1
15	16	1	6	1	1	-1
16	1	1	2	1	1	-1
16	2	1	2	1	1	-1
16	3	1	2	1	1	-1
16	4	2	2	2	2	1.0
16	5	1	2	1	1	-1
16	6	1	2	1	1	-1
16	7	1	2	1	1	-1
16	8	1	2	1	1	-1
16	9	1	2	1	1	-1
16	10	1	2	1	1	-1
16	11	1	2	1	1	-1
16	12	1	2	1	1	-1
16	13	1	2	1	1	-1
16	14	1	2	1	1	-1
16	15	1	2	1	1	-1
16	16	1	2	1	1	-1
1	1	1	18	1	1	-1
1	2	1	18	1	1	-1
1	3	1	18	1	1	-1
1	4	2	18	2	2	-1
1	5	1	18	1	1	-1
1	6	1	18	1	1	-1
1	7	1	18	1	1	-1
1	8	1	18	1	1	-1
1	9	1	18	1	1	-1
1	10	1	18	1	1	-1
1	11	1	18	1	1	-1
1	12	1	18	1	1	-1
1	13	1	18	1	1	-1
1	14	1	18	1	1	-1
1	15	1	18	1	1	-1
1	16	1	18	1	1	-1
2	1	1	59	1	1	-1
2	2	1	59	1	1	-1
2	3	1	59	1	1	-1
2	4	2	59	2	2	-1
2	5	1	59	1	1	-1
2	6	1	59	1	1	-1
2	7	1	59	1	1	-1
2	8	1	59	1	1	-1
2	9	1	59	1	1	-1
2	10	1	59	1	1	-1
2	11	1	59	1	1	-1
2	12	1	59	1	1	-1
2	13	1	59	1	1	-1
2	14	1	59	1	1	-1
2	15	1	59	1	1	-1
2	16	1	59	1	1	-1
3	1	1	24	1	1	-1
3	2	1	24	1	1	-1
3	3	1	24	1	1	-1
3	4	2	24	2	2	-1
3	5	1	24	1	1	-1
3	6	1	24	1	1	-1
3	7	1	24	1	1	-1
3	8	1	24	1	1	-1
3	9	1	24	1	1	-1
3	10	1	24	1	1	-1
3	11	1	24	1	1	-1
3	12	1	24	1	1	-1
3	13	1	24	1	1	-1
3	14	1	24	1	1	-1
3	15	1	24	1	1	-1
3	16	1	24	1	1	-1
4	1	1	73	1	1	-1
4	2	1	73	1	1	-1
4	3	1	73	1	1	-1
4	4	2	73	2	2	-1
4	5	1	73	1	1	-1
4	6	1	73	1	1	-1
4	7	1	73	1	1	-1
4	8	1	73	1	1	-1
4	9	1	73	1	1	-1
4	10	1	73	1	1	-1
4	11	1	73	1	1	-1
4	12	1	73	1	1	-1
4	13	1	73	1	1	-1
4	14	1	73	1	1	-1
4	15	1	73	1	1	-1
4	16	1	73	1	1	-1
5	1	1	32	1	1	-1
5	2	1	32	1	1	-1
5	3	1	32	1	1	-1
5	4	2	32	2	2	-1
5	5	1	32	1	1	-1
5	6	1	32	1	1	-1
5	7	1	32	1	1	-1
5	8	1	32	1	1	-1
5	9	1	32	1	1	-1
5	10	1	32	1	1	-1
5	11	1	32	1	1	-1
5	12	1	32	1	1	-1
5	13	1	32	1	1	-1
5	14	1	32	1	1	-1
5	15	1	32	1	1	-1
5	16	1	32	1	1	-1
6	1	1	20	1	1	-1
6	2	1	20	1	1	-1
6	3	1	20	1	1	-1
6	4	2	20	2	2	-1
6	5	1	20	1	1	-1
6	6	1	20	1	1	-1
6	7	1	20	1	1	-1
6	8	1	20	1	1	-1
6	9	1	20	1	1	-1
6	10	1	20	1	1	-1
6	11	1	20	1	1	-1
6	12	1	20	1	1	-1
6	13	1	20	1	1	-1
6	14	1	20	1	1	-1
6	15	1	20	1	1	-1
6	16	1	20	1	1	-1
7	1	1	46	1	1	-1
7	2	1	46	1	1	-1
7	3	1	46	1	1	-1
7	4	2	46	2	2	-1
7	5	1	46	1	1	-1
7	6	1	46	1	1	-1
7	7	1	46	1	1	-1
7	8	1	46	1	1	-1
7	9	1	46	1	1	-1
7	10	1	46	1	1	-1
7	11	1	46	1	1	-1
7	12	1	46	1	1	-1
7	13	1	46	1	1	-1
7	14	1	46	1	1	-1
7	15	1	46	1	1	-1
7	16	1	46	1	1	-1
8	1	1	24	1	1	-1
8	2	1	24	1	1	-1
8	3	1	24	1	1	-1
8	4	2	24	2	2	-1
8	5	1	24	1	1	-1
8	6	1	24	1	1	-1
8	7	1	24	1	1	-1
8	8	1	24	1	1	-1
8	9	1	24	1	1	-1
8	10	1	24	1	1	-1
8	11	1	24	1	1	-1
8	12	1	24	1	1	-1
8	13	1	24	1	1	-1
8	14	1	24	1	1	-1
8	15	1	24	1	1	-1
8	16	1	24	1	1	-1
9	1	1	18	1	1	-1
9	2	1	18	1	1	-1
9	3	1	18	1	1	-1
9	4	2	18	2	2	-1
9	5	1	18	1	1	-1
9	6	1	18	1	1	-1
9	7	1	18	1	1	-1
9	8	1	18	1	1	-1
9	9	1	18	1	1	-1
9	10	1	18	1	1	-1
9	11	1	18	1	1	-1
9	12	1	18	1	1	-1
9	13	1	18	1	1	-1
9	14	1	18	1	1	-1
9	15	1	18	1	1	-1
9	16	1	18	1	1	-1
10	1	1	23	1	1	-1
10	2	1	23	1	1	-1
10	3	1	23	1	1	-1
10	4	2	23	2	2	-1
10	5	1	23	1	1	-1
10	6	1	23	1	1	-1
10	7	1	23	1	1	-1
10	8	1	23	1	1	-1
10	9	1	23	1	1	-1
10	10	1	23	1	1	-1
10	11	1	23	1	1	-1
10	12	1	23	1	1	-1
10	13	1	23	1	1	-1
10	14	1	23	1	1	-1
10	15	1	23	1	1	-1
10	16	1	23	1	1	-1
11	1	1	20	1	1	-1
11	2	1	20	1	1	-1
11	3	1	20	1	1	-1
11	4	2	20	2	2	-1
11	5	1	20	1	1	-1
11	6	1	20	1	1	-1
11	7	1	20	1	1	-1
11	8	1	20	1	1	-1
11	9	1	20	1	1	-1
11	10	1	20	1	1	-1
11	11	1	20	1	1	-1
11	12	1	20	1	1	-1
11	13	1	20	1	1	-1
11	14	1	20	1	1	-1
11	15	1	20	1	1	-1
11	16	1	20	1	1	-1
12	1	1	20	1	1	-1
12	2	1	20	1	1	-1
12	3	1	20	1	1	-1
12	4	2	20	2	2	-1
12	5	1	20	1	1	-1
12	6	1	20	1	1	-1
12	7	1	20	1	1	-1
12	8	1	20	1	1	-1
12	9	1	20	1	1	-1
12	10	1	20	1	1	-1
12	11	1	20	1	1	-1
12	12	1	20	1	1	-1
12	13	1	20	1	1	-1
12	14	1	20	1	1	-1
12	15	1	20	1	1	-1
12	16	1	20	1	1	-1
13	1	1	16	1	1	-1
13	2	1	16	1	1	-1
13	3	1	16	1	1	-1
13	4	2	16	2	2	-1
13	5	1	16	1	1	-1
13	6	1	16	1	1	-1
13	7	1	16	1	1	-1
13	8	1	16	1	1	-1
13	9	1	16	1	1	-1
13	10	1	16	1	1	-1
13	11	1	16	1	1	-1
13	12	1	16	1	1	-1
13	13	1	16	1	1	-1
13	14	1	16	1	1	-1
13	15	1	16	1	1	-1
13	16	1	16	1	1	-1
14	1	1	9	1	1	-1
14	2	1	9	1	1	-1
14	3	1	9	1	1	-1
14	4	2	9	2	2	-1
14	5	1	9	1	1	-1
14	6	1	9	1	1	-1
14	7	1	9	1	1	-1
14	8	1	9	1	1	-1
14	9	1	9	1	1	-1
14	10	1	9	1	1	-1
14	11	1	9	1	1	-1
14	12	1	9	1	1	-1
14	13	1	9	1	1	-1
14	14	1	9	1	1	-1
14	15	1	9	1	1	-1
14	16	1	9	1	1	-1
15	1	1	6	1	1	-1
15	2	1	6	1	1	-1
15	3	1	6	1	1	-1
15	4	2	6	2	2	-1
15	5	1	6	1	1	-1
15	6	1	6	1	1	-1
15	7	1	6	1	1	-1
15	8	1	6	1	1	-1
15	9	1	6	1	1	-1
15	10	1	6	1	1	-1
15	11	1	6	1	1	-1
15	12	1	6	1	1	-1
15	13	1	6	1	1	-1
15	14	1	6	1	1	-1
15	15	1	6	1	1	-1
15	16	1	6	1	1	-1
16	1	1	2	1	1	-1
16	2	1	2	1	1	-1
16	3	1	2	1	1	-1
16	4	2	2	2	2	1.0
16	5	1	2	1	1	-1
16	6	1	2	1	1	-1
16	7	1	2	1	1	-1
16	8	1	2	1	1	-1
16	9	1	2	1	1	-1
16	10	1	2	1	1	-1
16	11	1	2	1	1	-1
16	12	1	2	1	1	-1
16	13	1	2	1	1	-1
16	14	1	2	1	1	-1
16	15	1	2	1	1	-1
16	16	1	2	1	1	-1
1	1	1	18	1	1	-1
1	2	1	18	1	1	-1
1	3	1	18	1	1	-1
1	4	2	18	2	2	-1
1	5	1	18	1	1	-1
1	6	1	18	1	1	-1
1	7	1	18	1	1	-1
1	8	1	18	1	1	-1
1	9	1	18	1	1	-1
1	10	1	18	1	1	-1
1	11	1	18	1	1	-1
1	12	1	18	1	1	-1
1	13	1	18	1	1	-1
1	14	1	18	1	1	-1
1	15	1	18	1	1	-1
1	16	1	18	1	1	-1
2	1	1	58	1	1	-1
2	2	1	58	1	1	-1
2	3	1	58	1	1	-1
2	4	2	58	2	2	-1
2	5	1	58	1	1	-1
2	6	1	58	1	1	-1
2	7	1	58	1	1	-1
2	8	1	58	1	1	-1
2	9	1	58	1	1	-1
2	10	1	58	1	1	-1
2	11	1	58	1	1	-1
2	12	1	58	1	1	-1
2	13	1	58	1	1	-1
2	14	1	58	1	1	-1
2	15	1	58	1	1	-1
2	16	1	58	1	1	-1
3	1	1	24	1	1	-1
3	2	1	24	1	1	-1
3	3	1	24	1	1	-1
3	4	2	24	2	2	-1
3	5	1	24	1	1	-1
3	6	1	24	1	1	-1
3	7	1	24	1	1	-1
3	8	1	24	1	1	-1
3	9	1	24	1	1	-1
3	10	1	24	1	1	-1
3	11	1	24	1	1	-1
3	12	1	24	1	1	-1
3	13	1	24	1	1	-1
3	14	1	24	1	1	-1
3	15	1	24	1	1	-1
3	16	1	24	1	1	-1
4	1	1	72	1	1	-1
4	2	1	72	1	1	-1
4	3	1	72	1	1	-1
4	4	2	72	2	2	-1
4	5	1	72	1	1	-1
4	6	1	72	1	1	-1
4	7	1	72	1	1	-1
4	8	1	72	1	1	-1
4	9	1	72	1	1	-1
4	10	1	72	1	1	-1
4	11	1	72	1	1	-1
4	12	1	72	1	1	-1
4	13	1	72	1	1	-1
4	14	1	72	1	1	-1
4	15	1	72	1	1	-1
4	16	1	72	1	1	-1
5	1	1	31	1	1	-1
5	2	1	31	1	1	-1
5	3	1	31	1	1	-1
5	4	2	31	2	2	-1
5	5	1	31	1	1	-1
5	6	1	31	1	1	-1
5	7	1	31	1	1	-1
5	8	1	31	1	1	-1
5	9	1	31	1	1	-1
5	10	1	31	1	1	-1
5	11	1	31	1	1	-1
5	12	1	31	1	1	-1
5	13	1	31	1	1	-1
5	14	1	31	1	1	-1
5	15	1	31	1	1	-1
5	16	1	31	1	1	-1
6	1	1	20	1	1	-1
6	2	1	20	1	1	-1
6	3	1	20	1	1	-1
6	4	2	20	2	2	-1
6	5	1	20	1	1	-1
6	6	1	20	1	1	-1
6	7	1	20	1	1	-1
6	8	1	20	1	1	-1
6	9	1	20	1	1	-1
6	10	1	20	1	1	-1
6	11	1	20	1	1	-1
6	12	1	20	1	1	-1
6	13	1	20	1	1	-1
6	14	1	20	1	1	-1
6	15	1	20	1	1	-1
6	16	1	20	1	1	-1
7	1	1	45	1	1	-1
7	2	1	45	1	1	-1
7	3	1	45	1	1	-1
7	4	2	45	2	2	-1
7	5	1	45	1	1	-1
7	6	1	45	1	1	-1
7	7	1	45	1	1	-1
7	8	1	45	1	1	-1
7	9	1	45	1	1	-1
7	10	1	45	1	1	-1
7	11	1	45	1	1	-1
7	12	1	45	1	1	-1
7	13	1	45	1	1	-1
7	14	1	45	1	1	-1
7	15	1	45	1	1	-1
7	16	1	45	1	1	-1
8	1	1	24	1	1	-1
8	2	1	24	1	1	-1
8	3	1	24	1	1	-1
8	4	2	24	2	2	-1
8	5	1	24	1	1	-1
8	6	1	24	1	1	-1
8	7	1	24	1	1	-1
8	8	1	24	1	1	-1
8	9	1	24	1	1	-1
8	10	1	24	1	1	-1
8	11	1	24	1	1	-1
8	12	1	24	1	1	-1
8	13	1	24	1	1	-1
8	14	1	24	1	1	-1
8	15	1	24	1	1	-1
8	16	1	24	1	1	-1
9	1	1	18	1	1	-1
9	2	1	18	1	1	-1
9	3	1	18	1	1	-1
9	4	2	18	2	2	-1
9	5	1	18	1	1	-1
9	6	1	18	1	1	-1
9	7	1	18	1	1	-1
9	8	1	18	1	1	-1
9	9	1	18	1	1	-1
9	10	1	18	1	1	-1
9	11	1	18	1	1	-1
9	12	1	18	1	1	-1
9	13	1	18	1	1	-1
9	14	1	18	1	1	-1
9	15	1	18	1	1	-1
9	16	1	18	1	1	-1
10	1	1	22	1	1	-1
10	2	1	22	1	1	-1
10	3	1	22	1	1	-1
10	4	2	22	2	2	-1
10	5	1	22	1	1	-1
10	6	1	22	1	1	-1
10	7	1	22	1	1	-1
10	8	1	22	1	1	-1
10	9	1	22	1	1	-1
10	10	1	22	1	1	-1
10	11	1	22	1	1	-1
10	12	1	22	1	1	-1
10	13	1	22	1	1	-1
10	14	1	22	1	1	-1
10	15	1	22	1	1	-1
10	16	1	22	1	1	-1
11	1	1	19	1	1	-1
11	2	1	19	1	1	-1
11	3	1	19	1	1	-1
11	4	2	19	2	2	-1
11	5	1	19	1	1	-1
11	6	1	19	1	1	-1
11	7	1	19	1	1	-1
11	8	1	19	1	1	-1
11	9	1	19	1	1	-1
11	10	1	19	1	1	-1
11	11	1	19	1	1	-1
11	12	1	19	1	1	-1
11	13	1	19	1	1	-1
11	14	1	19	1	1	-1
11	15	1	19	1	1	-1
11	16	1	19	1	1	-1
12	1	1	20	1	1	-1
12	2	1	20	1	1	-1
12	3	1	20	1	1	-1
12	4	2	20	2	2	-1
12	5	1	20	1	1	-1
12	6	1	20	1	1	-1
12	7	1	20	1	1	-1
12	8	1	20	1	1	-1
12	9	1	20	1	1	-1
12	10	1	20	1	1	-1
12	11	1	20	1	1	-1
12	12	1	20	1	1	-1
12	13	1	20	1	1	-1
12	14	1	20	1	1	-1
12	15	1	20	1	1	-1
12	16	1	20	1	1	-1
13	1	1	16	1	1	-1
13	2	1	16	1	1	-1
13	3	1	16	1	1	-1
13	4	2	16	2	2	-1
13	5	1	16	1	1	-1
13	6	1	16	1	1	-1
13	7	1	16	1	1	-1
13	8	1	16	1	1	-1
13	9	1	16	1	1	-1
13	10	1	16	1	1	-1
13	11	1	16	1	1	-1
13	12	1	16	1	1	-1
13	13	1	16	1	1	-1
13	14	1	16	1	1	-1
13	15	1	16	1	1	-1
13	16	1	16	1	1	-1
14	1	1	9	1	1	-1
14	2	1	9	1	1	-1
14	3	1	9	1	1	-1
14	4	2	9	2	2	-1
14	5	1	9	1	1	-1
14	6	1	9	1	1	-1
14	7	1	9	1	1	-1
14	8	1	9	1	1	-1
14	9	1	9	1	1	-1
14	10	1	9	1	1	-1
14	11	1	9	1	1	-1
14	12	1	9	1	1	-1
14	13	1	9	1	1	-1
14	14	1	9	1	1	-1
14	15	1	9	1	1	-1
14	16	1	9	1	1	-1
15	1	1	6	1	1	-1
15	2	1	6	1	1	-1
15	3	1	6	1	1	-1
15	4	2	6	2	2	-1
15	5	1	6	1	1	-1
15	6	1	6	1	1	-1
15	7	1	6	1	1	-1
15	8	1	6	1	1	-1
15	9	1	6	1	1	-1
15	10	1	6	1	1	-1
15	11	1	6	1	1	-1
15	12	1	6	1	1	-1
15	13	1	6	1	1	-1
15	14	1	6	1	1	-1
15	15	1	6	1	1	-1
15	16	1	6	1	1	-1
16	1	1	2	1	1	-1
16	2	1	2	1	1	-1
16	3	1	2	1	1	-1
16	4	2	2	2	2	1.0
16	5	1	2	1	1	-1
16	6	1	2	1	1	-1
16	7	1	2	1	1	-1
16	8	1	2	1	1	-1
16	9	1	2	1	1	-1
16	10	1	2	1	1	-1
16	11	1	2	1	1	-1
16	12	1	2	1	1	-1
16	13	1	2	1	1	-1
16	14	1	2	1	1	-1
16	15	1	2	1	1	-1
16	16	1	2	1	1	-1
1	1	1	17	1	1	-1
1	2	1	17	1	1	-1
1	3	1	17	1	1	-1
1	4	2	17	2	2	-1
1	5	1	17	1	1	-1
1	6	1	17	1	1	-1
1	7	1	17	1	1	-1
1	8	1	17	1	1	-1
1	9	1	17	1	1	-1
1	10	1	17	1	1	-1
1	11	1	17	1	1	-1
1	12	1	17	1	1	-1
1	13	1	17	1	1	-1
1	14	1	17	1	1	-1
1	15	1	17	1	1	-1
1	16	1	17	1	1	-1
2	1	1	57	1	1	-1
2	2	1	57	1	1	-1
2	3	1	57	1	1	-1
2	4	2	57	2	2	-1
2	5	1	57	1	1	-1
2	6	1	57	1	1	-1
2	7	1	57	1	1	-1
2	8	1	57	1	1	-1
2	9	1	57	1	1	-1
2	10	1	57	1	1	-1
2	11	1	57	1	1	-1
2	12	1	57	1	1	-1
2	13	1	57	1	1	-1
2	14	1	57	1	1	-1
2	15	1	57	1	1	-1
2	16	1	57	1	1	-1
3	1	1	24	1	1	-1
3	2	1	24	1	1	-1
3	3	1	24	1	1	-1
3	4	2	24	2	2	-1
3	5	1	24	1	1	-1
3	6	1	24	1	1	-1
3	7	1	24	1	1	-1
3	8	1	24	1	1	-1
3	9	1	24	1	1	-1
3	10	1	24	1	1	-1
3	11	1	24	1	1	-1
3	12	1	24	1	1	-1
3	13	1	24	1	1	-1
3	14	1	24	1	1	-1
3	15	1	24	1	1	-1
3	16	1	24	1	1	-1
4	1	1	71	1	1	-1
4	2	1	71	1	1	-1
4	3	1	71	1	1	-1
4	4	2	71	2	2	-1
4	5	1	71	1	1	-1
4	6	1	71	1	1	-1
4	7	1	71	1	1	-1
4	8	1	71	1	1	-1
4	9	1	71	1	1	-1
4	10	1	71	1	1	-1
4	11	1	71	1	1	-1
4	12	1	71	1	1	-1
4	13	1	71	1	1	-1
4	14	1	71	1	1	-1
4	15	1	71	1	1	-1
4	16	1	71	1	1	-1
5	1	1	31	1	1	-1
5	2	1	31	1	1	-1
5	3	1	31	1	1	-1
5	4	2	31	2	2	-1
5	5	1	31	1	1	-1
5	6	1	31	1	1	-1
5	7	1	31	1	1	-1
5	8	1	31	1	1	-1
5	9	1	31	1	1	-1
5	10	1	31	1	1	-1
5	11	1	31	1	1	-1
5	12	1	31	1	1	-1
5	13	1	31	1	1	-1
5	14	1	31	1	1	-1
5	15	1	31	1	1	-1
5	16	1	31	1	1	-1
6	1	1	19	1	1	-1
6	2	1	19	1	1	-1
6	3	1	19	1	1	-1
6	4	2	19	2	2	-1
6	5	1	19	1	1	-1
6	6	1	19	1	1	-1
6	7	1	19	1	1	-1
6	8	1	19	1	1	-1
6	9	1	19	1	1	-1
6	10	1	19	1	1	-1
6	11	1	19	1	1	-1
6	12	1	19	1	1	-1
6	13	1	19	1	1	-1
6	14	1	19	1	1	-1
6	15	1	19	1	1	-1
6	16	1	19	1	1	-1
7	1	1	44	1	1	-1
7	2	1	44	1	1	-1
7	3	1	44	1	1	-1
7	4	2	44	2	2	-1
7	5	1	44	1	1	-1
7	6	1	44	1	1	-1
7	7	1	44	1	1	-1
7	8	1	44	1	1	-1
7	9	1	44	1	1	-1
7	10	1	44	1	1	-1
7	11	1	44	1	1	-1
7	12	1	44	1	1	-1
7	13	1	44	1	1	-1
7	14	1	44	1	1	-1
7	15	1	44	1	1	-1
7	16	1	44	1	1	-1
8	1	1	23	1	1	-1
8	2	1	23	1	1	-1
8	3	1	23	1	1	-1
8	4	2	23	2	2	-1
8	5	1	23	1	1	-1
8	6	1	23	1	1	-1
8	7	1	23	1	1	-1
8	8	1	23	1	1	-1
8	9	1	23	1	1	-1
8	10	1	23	1	1	-1
8	11	1	23	1	1	-1
8	12	1	23	1	1	-1
8	13	1	23	1	1	-1
8	14	1	23	1	1	-1
8	15	1	23	1	1	-1
8	16	1	23	1	1	-1
9	1	1	18	1	1	-1
9	2	1	18	1	1	-1
9	3	1	18	1	1	-1
9	4	2	18	2	2	-1
9	5	1	18	1	1	-1
9	6	1	18	1	1	-1
9	7	1	18	1	1	-1
9	8	1	18	1	1	-1
9	9	1	18	1	1	-1
9	10	1	18	1	1	-1
9	11	1	18	1	1	-1
9	12	1	18	1	1	-1
9	13	1	18	1	1	-1
9	14	1	18	1	1	-1
9	15	1	18	1	1	-1
9	16	1	18	1	1	-1
10	1	1	22	1	1	-1
10	2	1	22	1	1	-1
10	3	1	22	1	1	-1
10	4	2	22	2	2	-1
10	5	1	22	1	1	-1
10	6	1	22	1	1	-1
10	7	1	22	1	1	-1
10	8	1	22	1	1	-1
10	9	1	22	1	1	-1
10	10	1	22	1	1	-1
10	11	1	22	1	1	-1
10	12	1	22	1	1	-1
10	13	1	22	1	1	-1
10	14	1	22	1	1	-1
10	15	1	22	1	1	-1
10	16	1	22	1	1	-1
11	1	1	19	1	1	-1
11	2	1	19	1	1	-1
11	3	1	19	1	1	-1
11	4	2	19	2	2	-1
11	5	1	19	1	1	-1
11	6	1	19	1	1	-1
11	7	1	19	1	1	-1
11	8	1	19	1	1	-1
11	9	1	19	1	1	-1
11	10	1	19	1	1	-1
11	11	1	19	1	1	-1
11	12	1	19	1	1	-1
11	13	1	19	1	1	-1
11	14	1	19	1	1	-1
11	15	1	19	1	1	-1
11	16	1	19	1	1	-1
12	1	1	20	1	1	-1
12	2	1	20	1	1	-1
12	3	1	20	1	1	-1
12	4	2	20	2	2	-1
12	5	1	20	1	1	-1
12	6	1	20	1	1	-1
12	7	1	20	1	1	-1
12	8	1	20	1	1	-1
12	9	1	20	1	1	-1
12	10	1	20	1	1	-1
12	11	1	20	1	1	-1
12	12	1	20	1	1	-1
12	13	1	20	1	1	-1
12	14	1	20	1	1	-1
12	15	1	20	1	1	-1
12	16	1	20	1	1	-1
13	1	1	15	1	1	-1
13	2	1	15	1	1	-1
13	3	1	15	1	1	-1
13	4	2	15	2	2	-1
13	5	1	15	1	1	-1
13	6	1	15	1	1	-1
13	7	1	15	1	1	-1
13	8	1	15	1	1	-1
13	9	1	15	1	1	-1
13	10	1	15	1	1	-1
13	11	1	15	1	1	-1
13	12	1	15	1	1	-1
13	13	1	15	1	1	-1
13	14	1	15	1	1	-1
13	15	1	15	1	1	-1
13	16	1	15	1	1	-1
14	1	1	9	1	1	-1
14	2	1	9	1	1	-1
14	3	1	9	1	1	-1
14	4	2	9	2	2	-1
14	5	1	9	1	1	-1
14	6	1	9	1	1	-1
14	7	1	9	1	1	-1
14	8	1	9	1	1	-1
14	9	1	9	1	1	-1
14	10	1	9	1	1	-1
14	11	1	9	1	1	-1
14	12	1	9	1	1	-1
14	13	1	9	1	1	-1
14	14	1	9	1	1	-1
14	15	1	9	1	1	-1
14	16	1	9	1	1	-1
15	1	1	6	1	1	-1
15	2	1	6	1	1	-1
15	3	1	6	1	1	-1
15	4	2	6	2	2	-1
15	5	1	6	1	1	-1
15	6	1	6	1	1	-1
15	7	1	6	1	1	-1
15	8	1	6	1	1	-1
15	9	1	6	1	1	-1
15	10	1	6	1	1	-1
15	11	1	6	1	1	-1
15	12	1	6	1	1	-1
15	13	1	6	1	1	-1
15	14	1	6	1	1	-1
15	15	1	6	1	1	-1
15	16	1	6	1	1	-1
16	1	1	2	1	1	-1
16	2	1	2	1	1	-1
16	3	1	2	1	1	-1
16	4	2	2	2	2	1.0
16	5	1	2	1	1	-1
16	6	1	2	1	1	-1
16	7	1	2	1	1	-1
16	8	1	2	1	1	-1
16	9	1	2	1	1	-1
16	10	1	2	1	1	-1
16	11	1	2	1	1	-1
16	12	1	2	1	1	-1
16	13	1	2	1	1	-1
16	14	1	2	1	1	-1
16	15	1	2	1	1	-1
16	16	1	2	1	1	-1
1	1	1	17	1	1	-1
1	2	1	17	1	1	-1
1	3	1	17	1	1	-1
1	4	1	17	1	1	-1
1	5	1	17	1	1	-1
1	6	1	17	1	1	-1
1	7	1	17	1	1	-1
1	8	1	17	1	1	-1
1	9	1	17	1	1	-1
1	10	1	17	1	1	-1
1	11	1	17	1	1	-1
1	12	1	17	1	1	-1
1	13	1	17	1	1	-1
1	14	1	17	1	1	-1
1	15	1	17	1	1	-1
1	16	1	17	1	1	-1
2	1	1	56	1	1	-1
2	2	1	56	1	1	-1
2	3	1	56	1	1	-1
2	4	1	56	1	1	-1
2	5	1	56	1	1	-1
2	6	1	56	1	1	-1
2	7	1	56	1	1	-1
2	8	1	56	1	1	-1
2	9	1	56	1	1	-1
2	10	1	56	1	1	-1
2	11	1	56	1	1	-1
2	12	1	56	1	1	-1
2	13	1	56	1	1	-1
2	14	1	56	1	1	-1
2	15	1	56	1	1	-1
2	16	1	56	1	1	-1
3	1	1	23	1	1	-1
3	2	1	23	1	1	-1
3	3	1	23	1	1	-1
3	4	1	23	1	1	-1
3	5	1	23	1	1	-1
3	6	1	23	1	1	-1
3	7	1	23	1	1	-1
3	8	1	23	1	1	-1
3	9	1	23	1	1	-1
3	10	1	23	1	1	-1
3	11	1	23	1	1	-1
3	12	1	23	1	1	-1
3	13	1	23	1	1	-1
3	14	1	23	1	1	-1
3	15	1	23	1	1	-1
3	16	1	23	1	1	-1
4	1	1	70	1	1	-1
4	2	1	70	1	1	-1
4	3	1	70	1	1	-1
4	4	1	70	1	1	-1
4	5	1	70	1	1	-1
4	6	1	70	1	1	-1
4	7	1	70	1	1	-1
4	8	1	70	1	1	-1
4	9	1	70	1	1	-1
4	10	1	70	1	1	-1
4	11	1	70	1	1	-1
4	12	1	70	1	1	-1
4	13	1	70	1	1	-1
4	14	1	70	1	1	-1
4	15	1	70	1	1	-1
4	16	1	70	1	1	-1
5	1	1	30	1	1	-1
5	2	1	30	1	1	-1
5	3	1	30	1	1	-1
5	4	1	30	1	1	-1
5	5	1	30	1	1	-1
5	6	1	30	1	1	-1
5	7	1	30	1	1	-1
5	8	1	30	1	1	-1
5	9	1	30	1	1	-1
5	10	1	30	1	1	-1
5	11	1	30	1	1	-1
5	12	1	30	1	1	-1
5	13	1	30	1	1	-1
5	14	1	30	1	1	-1
5	15	1	30	1	1	-1
5	16	1	30	1	1	-1
6	1	1	19	1	1	-1
6	2	1	19	1	1	-1
6	3	1	19	1	1	-1
6	4	1	19	1	1	-1
6	5	1	19	1	1	-1
6	6	1	19	1	1	-1
6	7	1	19	1	1	-1
6	8	1	19	1	1	-1
6	9	1	19	1	1	-1
6	10	1	19	1	1	-1
6	11	1	19	1	1	-1
6	12	1	19	1	1	-1
6	13	1	19	1	1	-1
6	14	1	19	1	1	-1
6	15	1	19	1	1	-1
6	16	1	19	1	1	-1
7	1	1	44	1	1	-1
7	2	1	44	1	1	-1
7	3	1	44	1	1	-1
7	4	1	44	1	1	-1
7	5	1	44	1	1	-1
7	6	1	44	1	1	-1
7	7	1	44	1	1	-1
7	8	1	44	1	1	-1
7	9	1	44	1	1	-1
7	10	1	44	1	1	-1
7	11	1	44	1	1	-1
7	12	1	44	1	1	-1
7	13	1	44	1	1	-1
7	14	1	44	1	1	-1
7	15	1	44	1	1	-1
7	16	1	44	1	1	-1
8	1	1	23	1	1	-1
8	2	1	23	1	1	-1
8	3	1	23	1	1	-1
8	4	1	23	1	1	-1
8	5	1	23	1	1	-1
8	6	1	23	1	1	-1
8	7	1	23	1	1	-1
8	8	1	23	1	1	-1
8	9	1	23	1	1	-1
8	10	1	23	1	1	-1
8	11	1	23	1	1	-1
8	12	1	23	1	1	-1
8	13	1	23	1	1	-1
8	14	1	23	1	1	-1
8	15	1	23	1	1	-1
8	16	1	23	1	1	-1
9	1	1	17	1	1	-1
9	2	1	17	1	1	-1
9	3	1	17	1	1	-1
9	4	1	17	1	1	-1
9	5	1	17	1	1	-1
9	6	1	17	1	1	-1
9	7	1	17	1	1	-1
9	8	1	17	1	1	-1
9	9	1	17	1	1	-1
9	10	1	17	1	1	-1
9	11	1	17	1	1	-1
9	12	1	17	1	1	-1
9	13	1	17	1	1	-1
9	14	1	17	1	1	-1
9	15	1	17	1	1	-1
9	16	1	17	1	1	-1
10	1	1	22	1	1	-1
10	2	1	22	1	1	-1
10	3	1	22	1	1	-1
10	4	1	22	1	1	-1
10	5	1	22	1	1	-1
10	6	1	22	1	1	-1
10	7	1	22	1	1	-1
10	8	1	22	1	1	-1
10	9	1	22	1	1	-1
10	10	1	22	1	1	-1
10	11	1	22	1	1	-1
10	12	1	22	1	1	-1
10	13	1	22	1	1	-1
10	14	1	22	1	1	-1
10	15	1	22	1	1	-1
10	16	1	22	1	1	-1
11	1	1	19	1	1	-1
11	2	1	19	1	1	-1
11	3	1	19	1	1	-1
11	4	1	19	1	1	-1
11	5	1	19	1	1	-1
11	6	1	19	1	1	-1
11	7	1	19	1	1	-1
11	8	1	19	1	1	-1
11	9	1	19	1	1	-1
11	10	1	19	1	1	-1
11	11	1	19	1	1	-1
11	12	1	19	1	1	-1
11	13	1	19	1	1	-1
11	14	1	19	1	1	-1
11	15	1	19	1	1	-1
11	16	1	19	1	1	-1
12	1	1	19	1	1	-1
12	2	1	19	1	1	-1
12	3	1	19	1	1	-1
12	4	1	19	1	1	-1
12	5	1	19	1	1	-1
12	6	1	19	1	1	-1
12	7	1	19	1	1	-1
12	8	1	19	1	1	-1
12	9	1	19	1	1	-1
12	10	1	19	1	1	-1
12	11	1	19	1	1	-1
12	12	1	19	1	1	-1
12	13	1	19	1	1	-1
12	14	1	19	1	1	-1
12	15	1	19	1	1	-1
12	16	1	19	1	1	-1
13	1	1	15	1	1	-1
13	2	1	15	1	1	-1
13	3	1	15	1	1	-1
13	4	1	15	1	1	-1
13	5	1	15	1	1	-1
13	6	1	15	1	1	-1
13	7	1	15	1	1	-1
13	8	1	15	1	1	-1
13	9	1	15	1	1	-1
13	10	1	15	1	1	-1
13	11	1	15	1	1	-1
13	12	1	15	1	1	-1
13	13	1	15	1	1	-1
13	14	1	15	1	1	-1
13	15	1	15	1	1	-1
13	16	1	15	1	1	-1
14	1	1	9	1	1	-1
14	2	1	9	1	1	-1
14	3	1	9	1	1	-1
14	4	1	9	1	1	-1
14	5	1	9	1	1	-1
14	6	1	9	1	1	-1
14	7	1	9	1	1	-1
14	8	1	9	1	1	-1
14	9	1	9	1	1	-1
14	10	1	9	1	1	-1
14	11	1	9	1	1	-1
14	12	1	9	1	1	-1
14	13	1	9	1	1	-1
14	14	1	9	1	1	-1
14	15	1	9	1	1	-1
14	16	1	9	1	1	-1
15	1	1	6	1	1	-1
15	2	1	6	1	1	-1
15	3	1	6	1	1	-1
15	4	1	6	1	1	-1
15	5	1	6	1	1	-1
15	6	1	6	1	1	-1
15	7	1	6	1	1	-1
15	8	1	6	1	1	-1
15	9	1	6	1	1	-1
15	10	1	6	1	1	-1
15	11	1	6	1	1	-1
15	12	1	6	1	1	-1
15	13	1	6	1	1	-1
15	14	1	6	1	1	-1
15	15	1	6	1	1	-1
15	16	1	6	1	1	-1
16	1	1	2	1	1	-1
16	2	1	2	1	1	-1
16	3	1	2	1	1	-1
16	4	1	2	1	1	-1
16	5	1	2	1	1	-1
16	6	1	2	1	1	-1
16	7	1	2	1	1	-1
16	8	1	2	1	1	-1
16	9	1	2	1	1	-1
16	10	1	2	1	1	-1
16	11	1	2	1	1	-1
16	12	1	2	1	1	-1
16	13	1	2	1	1	-1
16	14	1	2	1	1	-1
16	15	1	2	1	1	-1
16	16	1	2	1	1	-1
1	1	1	17	1	1	-1
1	2	1	17	1	1	-1
1	3	1	17	1	1	-1
1	4	1	17	1	1	-1
1	5	1	17	1	1	-1
1	6	1	17	1	1	-1
1	7	1	17	1	1	-1
1	8	1	17	1	1	-1
1	9	1	17	1	1	-1
1	10	1	17	1	1	-1
1	11	1	17	1	1	-1
1	12	1	17	1	1	-1
1	13	1	17	1	1	-1
1	14	1	17	1	1	-1
1	15	1	17	1	1	-1
1	16	1	17	1	1	-1
2	1	1	55	1	1	-1
2	2	1	55	1	1	-1
2	3	1	55	1	1	-1
2	4	1	55	1	1	-1
2	5	1	55	1	1	-1
2	6	1	55	1	1	-1
2	7	1	55	1	1	-1
2	8	1	55	1	1	-1
2	9	1	55	1	1	-1
2	10	1	55	1	1	-1
2	11	1	55	1	1	-1
2	12	1	55	1	1	-1
2	13	1	55	1	1	-1
2	14	1	55	1	1	-1
2	15	1	55	1	1	-1
2	16	1	55	1	1	-1
3	1	1	23	1	1	-1
3	2	1	23	1	1	-1
3	3	1	23	1	1	-1
3	4	1	23	1	1	-1
3	5	1	23	1	1	-1
3	6	1	23	1	1	-1
3	7	1	23	1	1	-1
3	8	1	23	1	1	-1
3	9	1	23	1	1	-1
3	10	1	23	1	1	-1
3	11	1	23	1	1	-1
3	12	1	23	1	1	-1
3	13	1	23	1	1	-1
3	14	1	23	1	1	-1
3	15	1	23	1	1	-1
3	16	1	23	1	1	-1
4	1	1	69	1	1	-1
4	2	1	69	1	1	-1
4	3	1	69	1	1	-1
4	4	1	69	1	1	-1
4	5	1	69	1	1	-1
4	6	1	69	1	1	-1
4	7	1	69	1	1	-1
4	8	1	69	1	1	-1
4	9	1	69	1	1	-1
4	10	1	69	1	1	-1
4	11	1	69	1	1	-1
4	12	1	69	1	1	-1
4	13	1	69	1	1	-1
4	14	1	69	1	1	-1
4	15	1	69	1	1	-1
4	16	1	69	1	1	-1
5	1	1	30	1	1	-1
5	2	1	30	1	1	-1
5	3	1	30	1	1	-1
5	4	1	30	1	1	-1
5	5	1	30	1	1	-1
5	6	1	30	1	1	-1
5	7	1	30	1	1	-1
5	8	1	30	1	1	-1
5	9	1	30	1	1	-1
5	10	1	30	1	1	-1
5	11	1	30	1	1	-1
5	12	1	30	1	1	-1
5	13	1	30	1	1	-1
5	14	1	30	1	1	-1
5	15	1	30	1	1	-1
5	16	1	30	1	1	-1
6	1	1	19	1	1	-1
6	2	1	19	1	1	-1
6	3	1	19	1	1	-1
6	4	1	19	1	1	-1
6	5	1	19	1	1	-1
6	6	1	19	1	1	-1
6	7	1	19	1	1	-1
6	8	1	19	1	1	-1
6	9	1	19	1	1	-1
6	10	1	19	1	1	-1
6	11	1	19	1	1	-1
6	12	1	19	1	1	-1
6	13	1	19	1	1	-1
6	14	1	19	1	1	-1
6	15	1	19	1	1	-1
6	16	1	19	1	1	-1
7	1	1	43	1	1	-1
7	2	1	43	1	1	-1
7	3	1	43	1	1	-1
7	4	1	43	1	1	-1
7	5	1	43	1	1	-1
7	6	1	43	1	1	-1
7	7	1	43	1	1	-1
7	8	1	43	1	1	-1
7	9	1	43	1	1	-1
7	10	1	43	1	1	-1
7	11	1	43	1	1	-1
7	12	1	43	1	1	-1
7	13	1	43	1	1	-1
7	14	1	43	1	1	-1
7	15	1	43	1	1	-1
7	16	1	43	1	1	-1
8	1	1	23	1	1	-1
8	2	1	23	1	1	-1
8	3	1	23	1	1	-1
8	4	1	23	1	1	-1
8	5	1	23	1	1	-1
8	6	1	23	1	1	-1
8	7	1	23	1	1	-1
8	8	1	23	1	1	-1
8	9	1	23	1	1	-1
8	10	1	23	1	1	-1
8	11	1	23	1	1	-1
8	12	1	23	1	1	-1
8	13	1	23	1	1	-1
8	14	1	23	1	1	-1
8	15	1	23	1	1	-1
8	16	1	23	1	1	-1
9	1	1	17	1	1	-1
9	2	1	17	1	1	-1
9	3	1	17	1	1	-1
9	4	1	17	1	1	-1
9	5	1	17	1	1	-1
9	6	1	17	1	1	-1
9	7	1	17	1	1	-1
9	8	1	17	1	1	-1
9	9	1	17	1	1	-1
9	10	1	17	1	1	-1
9	11	1	17	1	1	-1
9	12	1	17	1	1	-1
9	13	1	17	1	1	-1
9	14	1	17	1	1	-1
9	15	1	17	1	1	-1
9	16	1	17	1	1	-1
10	1	1	21	1	1	-1
10	2	1	21	1	1	-1
10	3	1	21	1	1	-1
10	4	1	21	1	1	-1
10	5	1	21	1	1	-1
10	6	1	21	1	1	-1
10	7	1	21	1	1	-1
10	8	1	21	1	1	-1
10	9	1	21	1	1	-1
10	10	1	21	1	1	-1
10	11	1	21	1	1	-1
10	12	1	21	1	1	-1
10	13	1	21	1	1	-1
10	14	1	21	1	1	-1
10	15	1	21	1	1	-1
10	16	1	21	1	1	-1
11	1	1	18	1	1	-1
11	2	1	18	1	1	-1
11	3	1	18	1	1	-1
11	4	1	18	1	1	-1
11	5	1	18	1	1	-1
11	6	1	18	1	1	-1
11	7	1	18	1	1	-1
11	8	1	18	1	1	-1
11	9	1	18	1	1	-1
11	10	1	18	1	1	-1
11	11	1	18	1	1	-1
11	12	1	18	1	1	-1
11	13	1	18	1	1	-1
11	14	1	18	1	1	-1
11	15	1	18	1	1	-1
11	16	1	18	1	1	-1
12	1	1	19	1	1	-1
12	2	1	19	1	1	-1
12	3	1	19	1	1	-1
12	4	1	19	1	1	-1
12	5	1	19	1	1	-1
12	6	1	19	1	1	-1
12	7	1	19	1	1	-1
12	8	1	19	1	1	-1
12	9	1	19	1	1	-1
12	10	1	19	1	1	-1
12	11	1	19	1	1	-1
12	12	1	19	1	1	-1
12	13	1	19	1	1	-1
12	14	1	19	1	1	-1
12	15	1	19	1	1	-1
12	16	1	19	1	1	-1
13	1	1	15	1	1	-1
13	2	1	15	1	1	-1
13	3	1	15	1	1	-1
13	4	1	15	1	1	-1
13	5	1	15	1	1	-1
13	6	1	15	1	1	-1
13	7	1	15	1	1	-1
13	8	1	15	1	1	-1
13	9	1	15	1	1	-1
13	10	1	15	1	1	-1
13	11	1	15	1	1	-1
13	12	1	15	1	1	-1
13	13	1	15	1	1	-1
13	14	1	15	1	1	-1
13	15	1	15	1	1	-1
13	16	1	15	1	1	-1
14	1	1	9	1	1	-1
14	2	1	9	1	1	-1
14	3	1	9	1	1	-1
14	4	1	9	1	1	-1
14	5	1	9	1	1	-1
14	6	1	9	1	1	-1
14	7	1	9	1	1	-1
14	8	1	9	1	1	-1
14	9	1	9	1	1	-1
14	10	1	9	1	1	-1
14	11	1	9	1	1	-1
14	12	1	9	1	1	-1
14	13	1	9	1	1	-1
14	14	1	9	1	1	-1
14	15	1	9	1	1	-1
14	16	1	9	1	1	-1
15	1	1	6	1	1	-1
15	2	1	6	1	1	-1
15	3	1	6	1	1	-1
15	4	1	6	1	1	-1
15	5	1	6	1	1	-1
15	6	1	6	1	1	-1
15	7	1	6	1	1	-1
15	8	1	6	1	1	-1
15	9	1	6	1	1	-1
15	10	1	6	1	1	-1
15	11	1	6	1	1	-1
15	12	1	6	1	1	-1
15	13	1	6	1	1	-1
15	14	1	6	1	1	-1
15	15	1	6	1	1	-1
15	16	1	6	1	1	-1
16	1	1	2	1	1	-1
16	2	1	2	1	1	-1
16	3	1	2	1	1	-1
16	4	1	2	1	1	-1
16	5	1	2	1	1	-1
16	6	1	2	1	1	-1
16	7	1	2	1	1	-1
16	8	1	2	1	1	-1
16	9	1	2	1	1	-1
16	10	1	2	1	1	-1
16	11	1	2	1	1	-1
16	12	1	2	1	1	-1
16	13	1	2	1	1	-1
16	14	1	2	1	1	-1
16	15	1	2	1	1	-1
16	16	1	2	1	1	-1
1	1	1	17	1	1	-1
1	2	1	17	1	1	-1
1	3	1	17	1	1	-1
1	4	1	17	1	1	-1
1	5	1	17	1	1	-1
1	6	1	17	1	1	-1
1	7	1	17	1	1	-1
1	8	1	17	1	1	-1
1	9	1	17	1	1	-1
1	10	1	17	1	1	-1
1	11	1	17	1	1	-1
1	12	1	17	1	1	-1
1	13	1	17	1	1	-1
1	14	1	17	1	1	-1
1	15	1	17	1	1	-1
1	16	1	17	1	1	-1
2	1	1	54	1	1	-1
2	2	1	54	1	1	-1
2	3	1	54	1	1	-1
2	4	1	54	1	1	-1
2	5	1	54	1	1	-1
2	6	1	54	1	1	-1
2	7	1	54	1	1	-1
2	8	1	54	1	1	-1
2	9	1	54	1	1	-1
2	10	1	54	1	1	-1
2	11	1	54	1	1	-1
2	12	1	54	1	1	-1
2	13	1	54	1	1	-1
2	14	1	54	1	1	-1
2	15	1	54	1	1	-1
2	16	1	54	1	1	-1
3	1	1	23	1	1	-1
3	2	1	23	1	1	-1
3	3	1	23	1	1	-1
3	4	1	23	1	1	-1
3	5	1	23	1	1	-1
3	6	1	23	1	1	-1
3	7	1	23	1	1	-1
3	8	1	23	1	1	-1
3	9	1	23	1	1	-1
3	10	1	23	1	1	-1
3	11	1	23	1	1	-1
3	12	1	23	1	1	-1
3	13	1	23	1	1	-1
3	14	1	23	1	1	-1
3	15	1	23	1	1	-1
3	16	1	23	1	1	-1
4	1	1	68	1	1	-1
4	2	1	68	1	1	-1
4	3	1	68	1	1	-1
4	4	1	68	1	1	-1
4	5	1	68	1	1	-1
4	6	1	68	1	1	-1
4	7	1	68	1	1	-1
4	8	1	68	1	1	-1
4	9	1	68	1	1	-1
4	10	1	68	1	1	-1
4	11	1	68	1	1	-1
4	12	1	68	1	1	-1
4	13	1	68	1	1	-1
4	14	1	68	1	1	-1
4	15	1	68	1	1	-1
4	16	1	68	1	1	-1
5	1	1	29	1	1	-1
5	2	1	29	1	1	-1
5	3	1	29	1	1	-1
5	4	1	29	1	1	-1
5	5	1	29	1	1	-1
5	6	1	29	1	1	-1
5	7	1	29	1	1	-1
5	8	1	29	1	1	-1
5	9	1	29	1	1	-1
